Time	wtime	pss	rss	swap	vmem	rchar	read_bytes	wchar	write_bytes	rx_bytes	rx_packets	tx_bytes	tx_packets	stime	utime	nprocs	nthreads
1773204929	0	13425	19884	0	384844	16087	0	137	0	0	0	0	0	0	0	2	2
1773204931	2	74414	80936	0	384844	16087	0	137	0	591	5	767	6	0	0	2	2
1773204933	4	74414	80936	0	384844	16087	0	137	0	7887	23	4362	13	0	0	2	2
1773204935	6	74414	80936	0	384844	16087	0	137	0	9316	35	5749	23	0	0	2	2
1773204937	8	74414	80936	0	384844	16087	0	137	0	25084	72	23223	51	0	0	2	2
1773204939	10	74414	80936	0	384844	16087	0	137	0	85700	122	30329	86	0	0	2	2
1773204941	12	74414	80936	0	384844	16087	0	137	0	143810	175	32792	106	0	0	2	2
1773204943	14	74414	80936	0	384844	16087	0	137	0	143924	176	33088	108	0	0	2	2
1773204945	16	74414	80936	0	384844	16087	0	137	0	4114329	3376	84412	517	0	0	2	2
1773204947	18	74414	80936	0	384844	16087	0	137	0	4178899	3435	89491	542	0	0	2	2
1773204949	20	74413	80936	0	384844	16087	0	137	0	4180740	3444	92253	554	0	0	2	2
1773204951	22	74413	80936	0	384844	16087	0	137	0	4242554	3491	101097	581	0	0	2	2
1773204953	24	74413	80936	0	384844	16087	0	137	0	4301589	3538	105218	595	0	0	2	2
1773204955	26	74413	80936	0	384844	16087	0	137	0	7475593	5654	134395	929	0	0	2	2
1773204957	28	74413	80936	0	384844	16087	0	137	0	7532950	5705	135085	933	0	0	2	2
1773204959	30	74414	80936	0	384844	16087	0	137	0	7591132	5757	136048	938	0	0	2	2
1773204961	32	74414	80936	0	384844	16087	0	137	0	7591288	5759	136162	939	0	0	2	2
1773204963	34	74414	80936	0	384844	16087	0	137	0	7647423	5799	136790	945	0	0	2	2
1773204965	36	74414	80936	0	384844	16087	0	137	0	13469321	9676	152926	1126	0	0	2	2
1773204967	38	74414	80936	0	384844	16087	0	137	0	13469438	9678	153017	1127	0	0	2	2
1773204969	40	74414	80936	0	384844	16087	0	137	0	13527013	9727	159293	1168	0	0	2	2
1773204971	42	74414	80936	0	384844	16087	0	137	0	13584321	9771	162586	1204	0	0	2	2
1773204973	44	74414	80936	0	384844	16087	0	137	0	13584439	9772	162776	1205	0	0	2	2
1773204975	46	74414	80936	0	384844	16087	0	137	0	14060299	10100	177607	1371	0	0	2	2
1773204977	48	74414	80936	0	384844	16087	0	137	0	17977228	12716	194165	1557	0	0	2	2
1773204979	50	74414	80936	0	384844	16087	0	137	0	17977346	12717	194545	1559	0	0	2	2
1773204981	52	74414	80936	0	384844	16087	0	137	0	18033830	12761	195471	1568	0	0	2	2
1773204983	54	74414	80936	0	384844	16087	0	137	0	18088837	12801	196271	1576	0	0	2	2
1773204985	56	74414	80936	0	384844	16087	0	137	0	18089193	12803	196271	1576	0	0	2	2
1773204987	58	74414	80936	0	384844	16087	0	137	0	20378205	14337	202256	1643	0	0	2	2
1773204989	60	74414	80936	0	384844	16087	0	137	0	20435081	14380	203092	1649	0	0	2	2
1773204991	62	74414	80936	0	384844	16087	0	137	0	20435328	14382	203248	1651	0	0	2	2
1773204993	64	74414	80936	0	384844	16087	0	137	0	20492239	14434	204232	1657	0	0	2	2
1773204995	66	74414	80936	0	384844	16087	0	137	0	20549096	14482	205195	1662	0	0	2	2
1773204997	68	74414	80936	0	384844	16087	0	137	0	24065267	17318	209092	1696	0	0	2	2
1773204999	70	74414	80936	0	384844	16087	0	137	0	24121291	17360	210190	1707	0	0	2	2
1773205001	72	74414	80936	0	384844	16087	0	137	0	24177471	17405	211621	1717	0	0	2	2
1773205003	74	74414	80936	0	384844	16087	0	137	0	24177576	17406	211832	1719	0	0	2	2
1773205005	76	74414	80936	0	384844	16087	0	137	0	24233698	17447	212730	1728	0	0	2	2
1773205007	78	74414	80936	0	384844	16087	0	137	0	27406115	20005	217290	1768	0	0	2	2
1773205009	80	74414	80936	0	384844	16087	0	137	0	27406220	20006	217501	1770	0	0	2	2
1773205011	82	74414	80936	0	384844	16087	0	137	0	27463729	20056	218665	1777	0	0	2	2
1773205013	84	74414	80936	0	384844	16087	0	137	0	27520343	20106	219783	1785	0	0	2	2
1773205015	86	74414	80936	0	384844	16087	0	137	0	27520343	20106	219889	1786	0	0	2	2
1773205017	88	74414	80936	0	384844	16087	0	137	0	31639072	22852	228111	1878	0	0	2	2
1773205019	90	74414	80936	0	384844	16087	0	137	0	31695269	22895	229273	1889	0	0	2	2
1773205021	92	74414	80936	0	384844	16087	0	137	0	31695425	22897	229687	1892	0	0	2	2
1773205023	94	74414	80936	0	384844	16087	0	137	0	31751931	22938	230671	1902	0	0	2	2
1773205025	96	74414	80936	0	384844	16087	0	137	0	31807148	22978	231557	1911	0	0	2	2
1773205027	98	74414	80936	0	384844	16087	0	137	0	31807501	22982	232492	1917	0	0	2	2
1773205029	100	74414	80936	0	384844	16087	0	137	0	35164205	25229	239814	1995	0	0	2	2
1773205031	102	74414	80936	0	384844	16087	0	137	0	35221008	25279	240710	2001	0	0	2	2
1773205033	104	74414	80936	0	384844	16087	0	137	0	35221331	25281	241184	2004	0	0	2	2
1773205035	106	74414	80936	0	384844	16087	0	137	0	35277712	25322	241812	2010	0	0	2	2
1773205037	108	74414	80936	0	384844	16087	0	137	0	35334066	25364	242816	2020	0	0	2	2
1773205039	110	74414	80936	0	384844	16087	0	137	0	38929720	27760	251826	2123	0	0	2	2
1773205041	112	74414	80936	0	384844	16087	0	137	0	38985376	27803	252604	2128	0	0	2	2
1773205043	114	74414	80936	0	384844	16087	0	137	0	39041370	27844	253208	2134	0	0	2	2
1773205045	116	74414	80936	0	384844	16087	0	137	0	39041370	27844	253208	2134	0	0	2	2
1773205047	118	74414	80936	0	384844	16087	0	137	0	39097992	27895	254887	2144	0	0	2	2
1773205049	120	74414	80936	0	384844	16087	0	137	0	43721889	30993	265992	2267	0	0	2	2
1773205051	122	74414	80936	0	384844	16087	0	137	0	43721994	30994	266203	2269	0	0	2	2
1773205053	124	74414	80936	0	384844	16087	0	137	0	43778875	31040	267489	2280	0	0	2	2
1773205055	126	74414	80936	0	384844	16087	0	137	0	43834816	31082	268690	2291	0	0	2	2
1773205057	128	74414	80936	0	384844	16087	0	137	0	43834972	31084	268890	2293	0	0	2	2
1773205059	130	74414	80936	0	384844	16087	0	137	0	48529715	34867	274137	2338	0	0	2	2
1773205061	132	74414	80936	0	384844	16087	0	137	0	48586217	34910	275348	2350	0	0	2	2
1773205063	134	74414	80936	0	384844	16087	0	137	0	48586217	34910	275348	2350	0	0	2	2
1773205065	136	74414	80936	0	384844	16087	0	137	0	48642889	34960	276122	2354	0	0	2	2
1773205067	138	74414	80936	0	384844	16087	0	137	0	48699736	35010	277305	2362	0	0	2	2
1773205069	140	74414	80936	0	384844	16087	0	137	0	52945044	38434	281868	2402	0	0	2	2
1773205071	142	74414	80936	0	384844	16087	0	137	0	53001354	38476	282766	2411	0	0	2	2
1773205073	144	74414	80936	0	384844	16087	0	137	0	53057605	38518	283868	2420	0	0	2	2
1773205075	146	74414	80936	0	384844	16087	0	137	0	53057605	38518	283868	2420	0	0	2	2
1773205077	148	74414	80936	0	384844	16087	0	137	0	53113723	38563	284680	2428	0	0	2	2
1773205079	150	74414	80936	0	384844	16087	0	137	0	54945608	39789	289537	2480	0	0	2	2
1773205081	152	74414	80936	0	384844	16087	0	137	0	58411146	42096	295387	2546	0	0	2	2
1773205083	154	74414	80936	0	384844	16087	0	137	0	58467805	42146	296377	2552	0	0	2	2
1773205085	156	74414	80936	0	384844	16087	0	137	0	58524353	42195	297155	2556	0	0	2	2
1773205087	158	74414	80936	0	384844	16087	0	137	0	58524588	42198	297436	2558	0	0	2	2
1773205089	160	74414	80936	0	384844	16087	0	137	0	58580737	42241	297910	2561	0	0	2	2
1773205091	162	74414	80936	0	384844	16087	0	137	0	62514607	44861	305007	2641	0	0	2	2
1773205093	164	74414	80936	0	384844	16087	0	137	0	62515104	44865	305574	2645	0	0	2	2
1773205095	166	74414	80936	0	384844	16087	0	137	0	62571566	44906	306472	2654	0	0	2	2
1773205097	168	74414	80936	0	384844	16087	0	137	0	62627524	44946	307272	2662	0	0	2	2
1773205099	170	74414	80936	0	384844	16087	0	137	0	62627642	44947	307652	2664	0	0	2	2
1773205101	172	74414	80936	0	384844	16087	0	137	0	67865260	48444	317583	2773	0	0	2	2
1773205103	174	74414	80936	0	384844	16087	0	137	0	67921808	48493	318389	2778	0	0	2	2
1773205105	176	74414	80936	0	384844	16087	0	137	0	67922058	48496	319090	2783	0	0	2	2
1773205107	178	74414	80936	0	384844	16087	0	137	0	67981125	48547	320114	2793	0	0	2	2
1773205109	180	74414	80936	0	384844	16087	0	137	0	68038022	48590	320891	2800	0	0	2	2
1773205111	182	74414	80936	0	384844	16087	0	137	0	73084322	51952	330684	2909	0	0	2	2
1773205113	184	74414	80936	0	384844	16087	0	137	0	73140735	51997	331596	2917	0	0	2	2
1773205115	186	74414	80936	0	384844	16087	0	137	0	73196936	52040	332735	2927	0	0	2	2
1773205117	188	74414	80936	0	384844	16087	0	137	0	73196936	52040	332925	2928	0	0	2	2
1773205119	190	74414	80936	0	384844	16087	0	137	0	73253727	52089	333812	2933	0	0	2	2
1773205121	192	74414	80936	0	384844	16087	0	137	0	77221891	55304	340307	2986	0	0	2	2
1773205123	194	74414	80936	0	384844	16087	0	137	0	77222009	55305	340687	2988	0	0	2	2
1773205125	196	74414	80936	0	384844	16087	0	137	0	77278593	55347	341597	2997	0	0	2	2
1773205127	198	74414	80936	0	384844	16087	0	137	0	77334636	55391	342752	3008	0	0	2	2
1773205129	200	74414	80936	0	384844	16087	0	137	0	77334754	55392	343132	3010	0	0	2	2
1773205131	202	74414	80936	0	384844	16087	0	137	0	77334898	55394	343463	3012	0	0	2	2
1773205133	204	74414	80936	0	384844	16087	0	137	0	77342877	55412	351549	3026	0	0	2	2
1773205135	206	74414	80936	0	384844	16087	0	137	0	77342877	55412	351549	3026	0	0	2	2
1773205137	208	74414	80936	0	384844	16087	0	137	0	77342963	55413	351549	3026	0	0	2	2
1773205139	210	74414	80936	0	384844	16087	0	137	0	77355149	55464	404306	3095	0	0	2	2
1773205141	212	74414	80936	0	384844	16087	0	137	0	77359799	55490	427690	3129	0	0	2	2
1773205143	214	74414	80936	0	384844	16087	0	137	0	77378986	55544	477610	3196	0	0	2	2
1773205145	216	74414	80936	0	384844	16087	0	137	0	77447850	55726	573417	3361	0	0	2	2
1773205147	218	74414	80936	0	384844	16087	0	137	0	77461113	55787	617611	3436	0	0	2	2
1773205149	220	74414	80936	0	384844	16087	0	137	0	77473695	55833	645995	3491	0	0	2	2
1773205151	222	74414	80936	0	384844	16087	0	137	0	77476472	55853	667314	3520	0	0	2	2
1773205153	224	74414	80936	0	384844	16087	0	137	0	77482296	55887	690038	3563	0	0	2	2
1773205155	226	74414	80936	0	384844	16087	0	137	0	77485422	55902	695339	3576	0	0	2	2
1773205157	228	74413	80936	0	384844	16087	0	137	0	77490285	55928	706907	3608	0	0	2	2
1773205159	230	74413	80936	0	384844	16087	0	137	0	77500860	55968	718282	3643	0	0	2	2
1773205161	232	74413	80936	0	384844	16087	0	137	0	77504590	56007	1001809	3864	0	0	2	2
1773205163	234	74413	80936	0	384844	16087	0	137	0	77506242	56021	1002379	3867	0	0	2	2
1773205165	236	74413	80936	0	384844	16087	0	137	0	77512147	56051	1081935	3937	0	0	2	2
1773205167	238	74414	80936	0	384844	16087	0	137	0	77514464	56071	1082505	3940	0	0	2	2
1773205169	240	74414	80936	0	384844	16087	0	137	0	77515955	56084	1083166	3944	0	0	2	2
1773205171	242	74414	80936	0	384844	16087	0	137	0	77518837	56100	1091818	3958	0	0	2	2
1773205173	244	74414	80936	0	384844	16087	0	137	0	77520479	56109	1105330	3976	0	0	2	2
1773205175	246	74414	80936	0	384844	16087	0	137	0	77521628	56113	1109128	3983	0	0	2	2
1773205177	248	74414	80936	0	384844	16087	0	137	0	77522728	56123	1109898	3988	0	0	2	2
1773205179	250	74414	80936	0	384844	16087	0	137	0	77522728	56123	1109898	3988	0	0	2	2
1773205181	252	74414	80936	0	384844	16087	0	137	0	77527431	56144	1150652	4034	0	0	2	2
1773205183	254	74414	80936	0	384844	16087	0	137	0	77535872	56176	1184194	4084	0	0	2	2
1773205185	256	74414	80936	0	384844	16087	0	137	0	77588984	56317	1284235	4218	0	0	2	2
1773205187	258	74414	80936	0	384844	16087	0	137	0	77597847	56355	1319895	4279	0	0	2	2
1773205189	260	74414	80936	0	384844	16087	0	137	0	77621543	56447	1388253	4412	0	0	2	2
1773205191	262	74413	80936	0	384844	16087	0	137	0	77625080	56468	1396116	4440	0	0	2	2
1773205193	264	74413	80936	0	384844	16087	0	137	0	77628175	56486	1422542	4472	0	0	2	2
1773205195	266	74413	80936	0	384844	16087	0	137	0	77632489	56508	1430130	4493	0	0	2	2
1773205197	268	74413	80936	0	384844	16087	0	137	0	77633654	56516	1430883	4501	0	0	2	2
1773205199	270	74413	80936	0	384844	16087	0	137	0	77635551	56524	1431546	4508	0	0	2	2
1773205201	272	74414	80936	0	384844	16087	0	137	0	77639664	56545	1436043	4524	0	0	2	2
1773205203	274	74414	80936	0	384844	16087	0	137	0	77645567	56571	1448391	4554	0	0	2	2
1773205205	276	74413	80936	0	384844	16087	0	137	0	77656552	56625	1471175	4615	0	0	2	2
1773205207	278	74413	80936	0	384844	16087	0	137	0	77661509	56671	1766116	4851	0	0	2	2
1773205209	280	74413	80936	0	384844	16087	0	137	0	77661584	56672	1766207	4852	0	0	2	2
1773205211	282	74413	80936	0	384844	16087	0	137	0	77663772	56691	1874665	4940	0	0	2	2
1773205213	284	74413	80936	0	384844	16087	0	137	0	77663977	56692	1874759	4941	0	0	2	2
1773205215	286	74414	80936	0	384844	16087	0	137	0	77664213	56694	1875221	4944	0	0	2	2
1773205217	288	74414	80936	0	384844	16087	0	137	0	77666256	56702	1882950	4958	0	0	2	2
1773205219	290	74414	80936	0	384844	16087	0	137	0	77666374	56703	1883330	4960	0	0	2	2
1773205221	292	74414	80936	0	384844	16087	0	137	0	77666530	56705	1883444	4961	0	0	2	2
1773205223	294	74414	80936	0	384844	16087	0	137	0	77667592	56714	1884204	4965	0	0	2	2
1773205225	296	74414	80936	0	384844	16087	0	137	0	77667933	56716	1884673	4968	0	0	2	2
1773205227	298	74414	80936	0	384844	16087	0	137	0	77670172	56722	1884673	4968	0	0	2	2
1773205229	300	74414	80936	0	384844	16087	0	137	0	77670881	56726	1885237	4972	0	0	2	2
1773205231	302	98826	105348	0	433672	23841	0	273	0	77670881	56726	1885237	4972	0	0	2	2
1773205233	304	98826	105348	0	433672	23841	0	273	0	77671533	56733	1885922	4977	0	0	2	2
1773205235	306	98826	105348	0	433672	23841	0	273	0	77672241	56739	1886682	4981	0	0	2	2
1773205237	308	98826	105348	0	433672	23841	0	273	0	77672325	56741	1886682	4981	0	0	2	2
1773205239	310	98826	105348	0	433672	23841	0	273	0	77677489	56756	1890986	4993	0	0	2	2
1773205241	312	98826	105348	0	433672	23841	0	273	0	77677639	56759	1890986	4993	0	0	2	2
1773205243	314	98826	105348	0	433672	23841	0	273	0	77677681	56760	1890986	4993	0	0	2	2
1773205245	316	98826	105348	0	433672	23841	0	273	0	77678330	56768	1891999	5001	0	0	2	2
1773205247	318	98826	105348	0	433672	23841	0	273	0	77680146	56778	1895458	5010	0	0	2	2
1773205249	320	98826	105348	0	433672	23841	0	273	0	77680230	56780	1895458	5010	0	0	2	2
1773205251	322	98826	105348	0	433672	23841	0	273	0	77680498	56784	1895873	5012	0	0	2	2
1773205253	324	98826	105348	0	433672	23841	0	273	0	77680787	56787	1896157	5014	0	0	2	2
1773205255	326	98826	105348	0	433672	23841	0	273	0	77680829	56788	1896157	5014	0	0	2	2
1773205257	328	98826	105348	0	433672	23841	0	273	0	77680913	56790	1896157	5014	0	0	2	2
1773205259	330	98826	105348	0	433672	23841	0	273	0	77686561	56812	1903710	5032	0	0	2	2
1773205261	332	98826	105348	0	433672	23841	0	273	0	77687024	56818	1904415	5037	0	0	2	2
1773205263	334	98826	105348	0	433672	23841	0	273	0	77687152	56820	1904415	5037	0	0	2	2
1773205265	336	98826	105348	0	433672	23841	0	273	0	77687368	56824	1904712	5040	0	0	2	2
1773205267	338	98826	105348	0	433672	23841	0	273	0	77688236	56832	1905392	5044	0	0	2	2
1773205269	340	98826	105348	0	433672	23841	0	273	0	77688515	56837	1905789	5048	0	0	2	2
1773205271	342	98826	105348	0	433672	23841	0	273	0	77688557	56838	1906119	5051	0	0	2	2
1773205273	344	98826	105348	0	433672	23841	0	273	0	77688888	56842	1906275	5053	0	0	2	2
1773205275	346	98826	105348	0	433672	23841	0	273	0	77695045	56876	1915450	5086	0	0	2	2
1773205277	348	98826	105348	0	433672	23841	0	273	0	77709072	56909	1932300	5110	0	0	2	2
1773205279	350	98826	105348	0	433672	23841	0	273	0	77709156	56911	1932300	5110	0	0	2	2
1773205281	352	98826	105348	0	433672	23841	0	273	0	77770606	56978	1938200	5139	0	0	2	2
1773205283	354	98826	105348	0	433672	23841	0	273	0	82795822	61040	2003768	5670	0	0	2	2
1773205285	356	98826	105348	0	433672	23841	0	273	0	82795864	61041	2003958	5671	0	0	2	2
1773205287	358	98825	105348	0	433672	23841	0	273	0	82854291	61099	2007030	5685	0	0	2	2
1773205289	360	98825	105348	0	433672	23841	0	273	0	82914945	61156	2007787	5689	0	0	2	2
1773205291	362	196487	203152	0	628984	31478	0	361	0	82915029	61158	2007787	5689	0	0	2	2
1773205293	364	196487	203152	0	628984	31478	0	361	0	88065388	64594	2018364	5807	0	0	2	2
1773205295	366	196487	203152	0	628984	31478	0	361	0	88121126	64638	2019362	5816	0	0	2	2
1773205297	368	196487	203152	0	628984	31478	0	361	0	88121520	64643	2019858	5820	0	0	2	2
1773205299	370	196487	203152	0	628984	31478	0	361	0	88177743	64690	2021345	5834	0	0	2	2
1773205301	372	196487	203152	0	628984	31478	0	361	0	88233406	64734	2022403	5845	0	0	2	2
1773205303	374	196487	203152	0	628984	31478	0	361	0	90441451	66207	2028177	5910	0	0	2	2
1773205305	376	196487	203152	0	628984	31478	0	361	0	90498609	66257	2029140	5915	0	0	2	2
1773205307	378	196489	203152	0	628984	31478	0	361	0	90904263	66564	2049649	6102	0	0	2	2
1773205309	380	196487	203152	0	628984	31478	0	361	0	91177400	66827	2089108	6222	0	0	2	2
1773205311	382	196487	203152	0	628984	31478	0	361	0	91177484	66829	2089108	6222	0	0	2	2
1773205313	384	196487	203152	0	628984	31478	0	361	0	91178732	66841	2090465	6228	0	0	2	2
1773205315	386	196487	203152	0	628984	31478	0	361	0	91179699	66849	2091161	6234	0	0	2	2
1773205317	388	196487	203152	0	628984	31478	0	361	0	91179783	66851	2091286	6235	0	0	2	2
1773205319	390	196487	203152	0	628984	31478	0	361	0	91180038	66855	2091434	6237	0	0	2	2
1773205321	392	196487	203152	0	628984	31478	0	361	0	94611781	69669	2130765	6336	0	0	2	2
1773205323	394	196487	203152	0	628984	31478	0	361	0	108278705	80561	2158475	6549	0	0	2	2
1773205325	396	196487	203152	0	628984	31478	0	361	0	109152558	81162	2163403	6599	0	0	2	2
1773205327	398	196487	203152	0	628984	31478	0	361	0	110664546	82196	2170040	6663	0	0	2	2
1773205329	400	196487	203152	0	628984	31478	0	361	0	113061915	83818	2179884	6743	0	0	2	2
1773205331	402	196487	203152	0	628984	31478	0	361	0	113121849	83878	2184667	6757	0	0	2	2
1773205333	404	196487	203152	0	628984	31478	0	361	0	113124179	83893	2192163	6775	0	0	2	2
1773205335	406	196487	203152	0	628984	31478	0	361	0	113181516	83938	2193191	6784	0	0	2	2
1773205337	408	196487	203152	0	628984	31478	0	361	0	118577767	88282	2201668	6858	0	0	2	2
1773205339	410	196487	203152	0	628984	31478	0	361	0	118577767	88282	2201668	6858	0	0	2	2
1773205341	412	196487	203152	0	628984	31478	0	361	0	118634903	88328	2203146	6871	0	0	2	2
1773205343	414	196487	203152	0	628984	31478	0	361	0	118690915	88370	2204254	6882	0	0	2	2
1773205345	416	196487	203152	0	628984	31478	0	361	0	118747811	88422	2205556	6890	0	0	2	2
1773205347	418	196487	203152	0	628984	31478	0	361	0	123403194	92175	2211691	6944	0	0	2	2
1773205349	420	196487	203152	0	628984	31478	0	361	0	123464715	92235	2212388	6948	0	0	2	2
1773205351	422	294143	300808	0	824296	39054	0	449	0	123464833	92236	2212966	6951	0	0	2	2
1773205353	424	294143	300808	0	824296	39054	0	449	0	123521121	92281	2213950	6961	0	0	2	2
1773205355	426	294143	300808	0	824296	39054	0	449	0	123577507	92325	2215306	6974	0	0	2	2
1773205357	428	294143	300808	0	824296	39054	0	449	0	126488761	94267	2221998	7049	0	0	2	2
1773205359	430	294143	300808	0	824296	39054	0	449	0	126488761	94267	2221998	7049	0	0	2	2
1773205361	432	294143	300808	0	824296	39054	0	449	0	126544476	94311	2223182	7059	0	0	2	2
1773205363	434	294143	300808	0	824296	39054	0	449	0	126544476	94311	2223182	7059	0	0	2	2
1773205365	436	294143	300808	0	824296	39054	0	449	0	126601950	94362	2223981	7064	0	0	2	2
1773205367	438	294143	300808	0	824296	39054	0	449	0	129139678	96067	2231784	7144	0	0	2	2
1773205369	440	294142	300808	0	824296	39054	0	449	0	129141854	96088	2232164	7146	0	0	2	2
1773205371	442	294142	300808	0	824296	39054	0	449	0	129198103	96130	2232706	7151	0	0	2	2
1773205373	444	294142	300808	0	824296	39054	0	449	0	129255605	96174	2233536	7159	0	0	2	2
1773205375	446	294142	300808	0	824296	39054	0	449	0	129255605	96174	2233536	7159	0	0	2	2
1773205377	448	294142	300808	0	824296	39054	0	449	0	129311436	96221	2234989	7174	0	0	2	2
1773205379	450	294142	300808	0	824296	39054	0	449	0	133207817	98817	2244691	7281	0	0	2	2
1773205381	452	294142	300808	0	824296	39054	0	449	0	133208315	98823	2245016	7284	0	0	2	2
1773205383	454	294142	300808	0	824296	39054	0	449	0	133264984	98873	2245989	7290	0	0	2	2
1773205385	456	294142	300808	0	824296	39054	0	449	0	133321017	98920	2246767	7294	0	0	2	2
1773205387	458	294142	300808	0	824296	39054	0	449	0	133321092	98921	2247056	7296	0	0	2	2
1773205389	460	294142	300808	0	824296	39054	0	449	0	137491383	101701	2256055	7399	0	0	2	2
1773205391	462	294142	300808	0	824296	39054	0	449	0	137547869	101746	2257936	7416	0	0	2	2
1773205393	464	294142	300808	0	824296	39054	0	449	0	137548251	101749	2258556	7421	0	0	2	2
1773205395	466	294142	300808	0	824296	39054	0	449	0	137604847	101792	2259200	7427	0	0	2	2
1773205397	468	294142	300808	0	824296	39054	0	449	0	137660977	101832	2259760	7431	0	0	2	2
1773205399	470	294142	300808	0	824296	39054	0	449	0	141394425	104845	2265014	7474	0	0	2	2
1773205401	472	294142	300808	0	824296	39054	0	449	0	141450804	104893	2266102	7482	0	0	2	2
1773205403	474	294142	300808	0	824296	39054	0	449	0	141507659	104941	2266799	7486	0	0	2	2
1773205405	476	294142	300808	0	824296	39054	0	449	0	141507819	104943	2267241	7489	0	0	2	2
1773205407	478	294142	300808	0	824296	39054	0	449	0	141563718	104985	2268144	7498	0	0	2	2
1773205409	480	294142	300808	0	824296	39054	0	449	0	145418276	108090	2273142	7542	0	0	2	2
1773205411	482	391797	398320	0	1019608	46569	0	537	0	145418396	108092	2273248	7543	0	0	2	2
1773205413	484	391797	398320	0	1019608	46569	0	537	0	145475126	108141	2275135	7557	0	0	2	2
1773205415	486	391797	398320	0	1019608	46569	0	537	0	145530679	108183	2276155	7567	0	0	2	2
1773205417	488	391797	398320	0	1019608	46569	0	537	0	145530953	108186	2277105	7572	0	0	2	2
1773205419	490	391797	398320	0	1019608	46569	0	537	0	146371859	108759	2279688	7600	0	0	2	2
1773205421	492	391797	398320	0	1019608	46569	0	537	0	150549581	111553	2288541	7696	0	0	2	2
1773205423	494	391797	398320	0	1019608	46569	0	537	0	150549581	111553	2288666	7697	0	0	2	2
1773205425	496	391797	398320	0	1019608	46569	0	537	0	150605350	111596	2289754	7707	0	0	2	2
1773205427	498	391797	398320	0	1019608	46569	0	537	0	150661728	111641	2290749	7716	0	0	2	2
1773205429	500	391797	398320	0	1019608	46569	0	537	0	150661860	111643	2291268	7720	0	0	2	2
1773205431	502	391797	398320	0	1019608	46569	0	537	0	155824387	115081	2300744	7828	0	0	2	2
1773205433	504	391797	398320	0	1019608	46569	0	537	0	155880580	115125	2302000	7840	0	0	2	2
1773205435	506	391797	398320	0	1019608	46569	0	537	0	155880802	115129	2302560	7842	0	0	2	2
1773205437	508	391797	398320	0	1019608	46569	0	537	0	155937588	115176	2303121	7847	0	0	2	2
1773205439	510	391797	398320	0	1019608	46569	0	537	0	155994722	115226	2303904	7852	0	0	2	2
1773205441	512	391797	398320	0	1019608	46569	0	537	0	158766533	117076	2309382	7913	0	0	2	2
1773205443	514	391797	398320	0	1019608	46569	0	537	0	158823663	117121	2310464	7922	0	0	2	2
1773205445	516	391797	398320	0	1019608	46569	0	537	0	158879541	117163	2311585	7933	0	0	2	2
1773205447	518	391797	398320	0	1019608	46569	0	537	0	158880146	117171	2312635	7942	0	0	2	2
1773205449	520	391797	398320	0	1019608	46569	0	537	0	158936035	117214	2313349	7949	0	0	2	2
1773205451	522	391797	398320	0	1019608	46569	0	537	0	162633616	119679	2320654	8031	0	0	2	2
1773205453	524	391797	398320	0	1019608	46569	0	537	0	162633939	119681	2321128	8034	0	0	2	2
1773205455	526	391797	398320	0	1019608	46569	0	537	0	162690947	119732	2321607	8036	0	0	2	2
1773205457	528	391797	398320	0	1019608	46569	0	537	0	162747091	119781	2322086	8038	0	0	2	2
1773205459	530	391797	398320	0	1019608	46569	0	537	0	162747341	119783	2322695	8041	0	0	2	2
1773205461	532	391797	398320	0	1019608	46569	0	537	0	166354006	122698	2329648	8101	0	0	2	2
1773205463	534	391797	398320	0	1019608	46569	0	537	0	166409689	122739	2330742	8110	0	0	2	2
1773205465	536	391797	398320	0	1019608	46569	0	537	0	166409689	122739	2330940	8111	0	0	2	2
1773205467	538	391797	398320	0	1019608	46569	0	537	0	166465913	122783	2331633	8119	0	0	2	2
1773205469	540	391797	398320	0	1019608	46569	0	537	0	166525512	122833	2332641	8127	0	0	2	2
1773205471	542	74410	81076	0	384844	54023	0	658	0	167302188	123461	2334683	8141	0	0	2	2
1773205473	544	74410	81076	0	384844	54023	0	658	0	170724699	126223	2340593	8192	0	0	2	2
1773205475	546	74410	81076	0	384844	54023	0	658	0	170781553	126273	2341779	8199	0	0	2	2
1773205477	548	74410	81076	0	384844	54023	0	658	0	170837807	126316	2342826	8209	0	0	2	2
1773205479	550	74410	81076	0	384844	54023	0	658	0	170837807	126316	2342826	8209	0	0	2	2
1773205481	552	74410	81076	0	384844	54023	0	658	0	170893276	126359	2344034	8219	0	0	2	2
1773205483	554	74410	81076	0	384844	54023	0	658	0	176439008	130078	2356124	8357	0	0	2	2
1773205485	556	74410	81076	0	384844	54023	0	658	0	176496434	130121	2357194	8368	0	0	2	2
1773205487	558	74410	81076	0	384844	54023	0	658	0	176551634	130163	2358551	8380	0	0	2	2
1773205489	560	74410	81076	0	384844	54023	0	658	0	176551634	130163	2358551	8380	0	0	2	2
1773205491	562	74410	81076	0	384844	54023	0	658	0	176608043	130210	2359030	8382	0	0	2	2
1773205493	564	74410	81076	0	384844	54023	0	658	0	180729148	132968	2368476	8484	0	0	2	2
1773205495	566	74410	81076	0	384844	54023	0	658	0	180729148	132968	2368476	8484	0	0	2	2
1773205497	568	74410	81076	0	384844	54023	0	658	0	180784898	133012	2369670	8493	0	0	2	2
1773205499	570	74410	81076	0	384844	54023	0	658	0	180841428	133054	2370420	8498	0	0	2	2
1773205501	572	74410	81076	0	384844	54023	0	658	0	180841670	133057	2370632	8500	0	0	2	2
1773205503	574	74410	81076	0	384844	54023	0	658	0	186408544	136766	2379704	8602	0	0	2	2
1773205505	576	74410	81076	0	384844	54023	0	658	0	186464455	136809	2380656	8609	0	0	2	2
1773205507	578	74410	81076	0	384844	54023	0	658	0	186464651	136811	2380952	8611	0	0	2	2
1773205509	580	74410	81076	0	384844	54023	0	658	0	186521580	136860	2382039	8618	0	0	2	2
1773205511	582	74410	81076	0	384844	54023	0	658	0	186577989	136907	2382845	8623	0	0	2	2
1773205513	584	74410	81076	0	384844	54023	0	658	0	190470993	139501	2390266	8705	0	0	2	2
1773205515	586	74410	81076	0	384844	54023	0	658	0	190527005	139543	2391376	8716	0	0	2	2
1773205517	588	74410	81076	0	384844	54023	0	658	0	190583262	139584	2392476	8726	0	0	2	2
1773205519	590	74410	81076	0	384844	54023	0	658	0	190583262	139584	2393084	8730	0	0	2	2
1773205521	592	74410	81076	0	384844	54023	0	658	0	190639664	139627	2393456	8734	0	0	2	2
1773205523	594	74410	81076	0	384844	54023	0	658	0	190695775	139667	2393912	8738	0	0	2	2
1773205525	596	74410	81076	0	384844	54023	0	658	0	193451546	141889	2397177	8766	0	0	2	2
1773205527	598	74410	81076	0	384844	54023	0	658	0	193507883	141937	2398254	8772	0	0	2	2
1773205529	600	74410	81076	0	384844	54023	0	658	0	193563991	141985	2399042	8777	0	0	2	2
1773205531	602	74410	81076	0	384844	54023	0	658	0	193563991	141985	2399240	8778	0	0	2	2
1773205533	604	74410	81076	0	384844	54023	0	658	0	193620966	142032	2400414	8789	0	0	2	2
1773205535	606	74410	81076	0	384844	54023	0	658	0	196149495	144067	2404447	8824	0	0	2	2
1773205537	608	74410	81076	0	384844	54023	0	658	0	196205919	144110	2405545	8835	0	0	2	2
1773205539	610	74410	81076	0	384844	54023	0	658	0	196208917	144123	2409511	8846	0	0	2	2
1773205541	612	74410	81076	0	384844	54023	0	658	0	196265280	144166	2410425	8855	0	0	2	2
1773205543	614	74410	81076	0	384844	54023	0	658	0	196266778	144170	2411094	8858	0	0	2	2
1773205545	616	74410	81076	0	384844	54023	0	658	0	198966888	145975	2417038	8924	0	0	2	2
1773205547	618	74410	81076	0	384844	54023	0	658	0	199024119	146023	2417735	8928	0	0	2	2
1773205549	620	74410	81076	0	384844	54023	0	658	0	199024312	146025	2418404	8932	0	0	2	2
1773205551	622	74410	81076	0	384844	54023	0	658	0	199080364	146068	2419417	8941	0	0	2	2
1773205553	624	74410	81076	0	384844	54023	0	658	0	199136181	146110	2420311	8950	0	0	2	2
1773205555	626	74410	81076	0	384844	54023	0	658	0	202411681	148292	2427720	9032	0	0	2	2
1773205557	628	74410	81076	0	384844	54023	0	658	0	202468031	148334	2428696	9042	0	0	2	2
1773205559	630	74410	81076	0	384844	54023	0	658	0	202524711	148376	2429594	9051	0	0	2	2
1773205561	632	74410	81076	0	384844	54023	0	658	0	202524867	148378	2429708	9052	0	0	2	2
1773205563	634	74410	81076	0	384844	54023	0	658	0	202581649	148427	2430785	9058	0	0	2	2
1773205565	636	74410	81076	0	384844	54023	0	658	0	205500402	150386	2438502	9142	0	0	2	2
1773205567	638	74410	81076	0	384844	54023	0	658	0	205500468	150387	2438502	9142	0	0	2	2
1773205569	640	74410	81076	0	384844	54023	0	658	0	205556433	150429	2439491	9152	0	0	2	2
1773205571	642	74410	81076	0	384844	54023	0	658	0	205612661	150470	2440481	9161	0	0	2	2
1773205573	644	74410	81076	0	384844	54023	0	658	0	205613571	150477	2441920	9170	0	0	2	2
1773205575	646	74410	81076	0	384844	54023	0	658	0	205670988	150528	2445614	9184	0	0	2	2
1773205577	648	74410	81076	0	384844	54023	0	658	0	210729923	153900	2455016	9287	0	0	2	2
1773205579	650	74410	81076	0	384844	54023	0	658	0	210729923	153900	2455016	9287	0	0	2	2
1773205581	652	74410	81076	0	384844	54023	0	658	0	210787191	153951	2455937	9293	0	0	2	2
1773205583	654	74410	81076	0	384844	54023	0	658	0	210843791	153998	2456744	9298	0	0	2	2
1773205585	656	74410	81076	0	384844	54023	0	658	0	210843909	153999	2457124	9300	0	0	2	2
1773205587	658	74410	81076	0	384844	54023	0	658	0	215623986	157852	2464576	9366	0	0	2	2
1773205589	660	74410	81076	0	384844	54023	0	658	0	215683319	157906	2466112	9380	0	0	2	2
1773205591	662	74410	81076	0	384844	54023	0	658	0	215683319	157906	2466112	9380	0	0	2	2
1773205593	664	74410	81076	0	384844	54023	0	658	0	215744721	157963	2472023	9401	0	0	2	2
1773205595	666	74410	81076	0	384844	54023	0	658	0	215800766	158005	2472918	9410	0	0	2	2
1773205597	668	74410	81076	0	384844	54023	0	658	0	221059483	162247	2478395	9456	0	0	2	2
1773205599	670	74410	81076	0	384844	54023	0	658	0	221116704	162299	2479714	9465	0	0	2	2
1773205601	672	74410	81076	0	384844	54023	0	658	0	221173339	162349	2480934	9473	0	0	2	2
1773205603	674	74410	81076	0	384844	54023	0	658	0	221173499	162351	2481575	9477	0	0	2	2
1773205605	676	74410	81076	0	384844	54023	0	658	0	221229461	162393	2482275	9485	0	0	2	2
1773205607	678	74410	81076	0	384844	54023	0	658	0	226684391	166028	2493798	9613	0	0	2	2
1773205609	680	74410	81076	0	384844	54023	0	658	0	226684702	166031	2494278	9616	0	0	2	2
1773205611	682	74410	81076	0	384844	54023	0	658	0	226740876	166073	2495340	9627	0	0	2	2
1773205613	684	74410	81076	0	384844	54023	0	658	0	226796821	166113	2496141	9635	0	0	2	2
1773205615	686	74410	81076	0	384844	54023	0	658	0	226797026	166114	2496606	9637	0	0	2	2
1773205617	688	74410	81076	0	384844	54023	0	658	0	229631767	168011	2502269	9700	0	0	2	2
1773205619	690	74410	81076	0	384844	54023	0	658	0	230127788	168355	2503650	9711	0	0	2	2
1773205621	692	74410	81076	0	384844	54023	0	658	0	230127944	168357	2504153	9714	0	0	2	2
1773205623	694	74410	81076	0	384844	54023	0	658	0	230184264	168397	2504411	9717	0	0	2	2
1773205625	696	74410	81076	0	384844	54023	0	658	0	230240005	168437	2505126	9724	0	0	2	2
1773205627	698	74410	81076	0	384844	54023	0	658	0	230259750	168454	2505903	9731	0	0	2	2
1773205629	700	74410	81076	0	384844	54023	0	658	0	233237899	170439	2512603	9806	0	0	2	2
1773205631	702	74410	81076	0	384844	54023	0	658	0	233294200	170481	2513616	9815	0	0	2	2
1773205633	704	74410	81076	0	384844	54023	0	658	0	233351173	170531	2514314	9819	0	0	2	2
1773205635	706	74410	81076	0	384844	54023	0	658	0	233351378	170532	2514408	9820	0	0	2	2
1773205637	708	74410	81076	0	384844	54023	0	658	0	233407860	170580	2515215	9825	0	0	2	2
1773205639	710	74410	81076	0	384844	54023	0	658	0	236374473	172554	2522213	9903	0	0	2	2
1773205641	712	74410	81076	0	384844	54023	0	658	0	236430863	172598	2522796	9908	0	0	2	2
1773205643	714	74410	81076	0	384844	54023	0	658	0	236487876	172642	2524192	9920	0	0	2	2
1773205645	716	74410	81076	0	384844	54023	0	658	0	236487876	172642	2524192	9920	0	0	2	2
1773205647	718	74410	81076	0	384844	54023	0	658	0	236543620	172684	2525281	9930	0	0	2	2
1773205649	720	74410	81076	0	384844	54023	0	658	0	240934643	176221	2532727	9996	0	0	2	2
1773205651	722	74410	81076	0	384844	54023	0	658	0	240934643	176221	2532727	9996	0	0	2	2
1773205653	724	74410	81076	0	384844	54023	0	658	0	240992004	176274	2533694	10002	0	0	2	2
1773205655	726	74410	81076	0	384844	54023	0	658	0	241048430	176322	2534486	10007	0	0	2	2
1773205657	728	74410	81076	0	384844	54023	0	658	0	241048757	176326	2534897	10011	0	0	2	2
1773205659	730	74410	81076	0	384844	54023	0	658	0	245727374	180118	2563743	10213	0	0	2	2
1773205661	732	74410	81076	0	384844	54023	0	658	0	245784439	180164	2564762	10222	0	0	2	2
1773205663	734	74410	81076	0	384844	54023	0	658	0	245784525	180165	2565050	10224	0	0	2	2
1773205665	736	74410	81076	0	384844	54023	0	658	0	245839360	180205	2565851	10232	0	0	2	2
1773205667	738	74410	81076	0	384844	54023	0	658	0	245895681	180245	2566394	10237	0	0	2	2
1773205669	740	74410	81076	0	384844	54023	0	658	0	248715244	182123	2582559	10422	0	0	2	2
1773205671	742	74410	81076	0	384844	54023	0	658	0	248771723	182173	2584083	10433	0	0	2	2
1773205673	744	74410	81076	0	384844	54023	0	658	0	248828766	182221	2585407	10442	0	0	2	2
1773205675	746	74410	81076	0	384844	54023	0	658	0	248829333	182225	2585686	10444	0	0	2	2
1773205677	748	74410	81076	0	384844	54023	0	658	0	248831204	182233	2586902	10451	0	0	2	2
1773205679	750	74410	81076	0	384844	54023	0	658	0	248947779	182330	2595011	10479	0	0	2	2
1773205681	752	74410	81076	0	384844	54023	0	658	0	248948027	182334	2595125	10480	0	0	2	2
1773205683	754	74410	81076	0	384844	54023	0	658	0	252081433	184418	2604973	10593	0	0	2	2
1773205685	756	74410	81076	0	384844	54023	0	658	0	252137661	184459	2605688	10600	0	0	2	2
1773205687	758	74410	81076	0	384844	54023	0	658	0	252137897	184461	2606340	10604	0	0	2	2
1773205689	760	74410	81076	0	384844	54023	0	658	0	252194963	184508	2608344	10619	0	0	2	2
1773205691	762	74410	81076	0	384844	54023	0	658	0	252251748	184555	2608933	10622	0	0	2	2
1773205693	764	74410	81076	0	384844	54023	0	658	0	256286336	187242	2628538	10843	0	0	2	2
1773205695	766	74410	81076	0	384844	54023	0	658	0	256342626	187290	2628865	10846	0	0	2	2
1773205697	768	74410	81076	0	384844	54023	0	658	0	256399241	187337	2630086	10856	0	0	2	2
1773205699	770	74410	81076	0	384844	54023	0	658	0	256454714	187378	2630950	10864	0	0	2	2
1773205701	772	74410	81076	0	384844	54023	0	658	0	256454846	187380	2630950	10864	0	0	2	2
1773205703	774	74410	81076	0	384844	54023	0	658	0	256511887	187422	2632029	10874	0	0	2	2
1773205705	776	74410	81076	0	384844	54023	0	658	0	260407340	190035	2658808	11129	0	0	2	2
1773205707	778	74410	81076	0	384844	54023	0	658	0	260407340	190035	2658808	11129	0	0	2	2
1773205709	780	74410	81076	0	384844	54023	0	658	0	260469685	190107	2660104	11137	0	0	2	2
1773205711	782	74410	81076	0	384844	54023	0	658	0	260528010	190171	2662254	11152	0	0	2	2
1773205713	784	74410	81076	0	384844	54023	0	658	0	260528150	190173	2662634	11154	0	0	2	2
1773205715	786	74410	81076	0	384844	54023	0	658	0	264672971	193513	2686601	11369	0	0	2	2
1773205717	788	74410	81076	0	384844	54023	0	658	0	264729358	193555	2686980	11372	0	0	2	2
1773205719	790	74410	81076	0	384844	54023	0	658	0	264729358	193555	2686980	11372	0	0	2	2
1773205721	792	74410	81076	0	384844	54023	0	658	0	264786160	193605	2688822	11389	0	0	2	2
1773205723	794	74410	81076	0	384844	54023	0	658	0	264787576	193617	2689392	11392	0	0	2	2
1773205725	796	74410	81076	0	384844	54023	0	658	0	271097929	198702	2721124	11676	0	0	2	2
1773205727	798	74410	81076	0	384844	54023	0	658	0	271154951	198753	2722420	11684	0	0	2	2
1773205729	800	74410	81076	0	384844	54023	0	658	0	271154951	198753	2722420	11684	0	0	2	2
1773205731	802	74410	81076	0	384844	54023	0	658	0	271211611	198801	2723336	11690	0	0	2	2
1773205733	804	74410	81076	0	384844	54023	0	658	0	271268420	198849	2724967	11704	0	0	2	2
1773205735	806	74410	81076	0	384844	54023	0	658	0	278294657	203524	2760344	12112	0	0	2	2
1773205737	808	74410	81076	0	384844	54023	0	658	0	278351303	203566	2761248	12120	0	0	2	2
1773205739	810	74410	81076	0	384844	54023	0	658	0	278413186	203619	2762061	12128	0	0	2	2
1773205741	812	74410	81076	0	384844	54023	0	658	0	278413342	203621	2762374	12130	0	0	2	2
1773205743	814	74410	81076	0	384844	54023	0	658	0	278469423	203662	2763184	12137	0	0	2	2
1773205745	816	74410	81076	0	384844	54023	0	658	0	283036025	206710	2785037	12384	0	0	2	2
1773205747	818	74410	81076	0	384844	54023	0	658	0	283036091	206711	2785037	12384	0	0	2	2
1773205749	820	74410	81076	0	384844	54023	0	658	0	283092994	206759	2785925	12389	0	0	2	2
1773205751	822	74410	81076	0	384844	54023	0	658	0	283149702	206802	2786658	12395	0	0	2	2
1773205753	824	74410	81076	0	384844	54023	0	658	0	283149777	206803	2786749	12396	0	0	2	2
1773205755	826	74410	81076	0	384844	54023	0	658	0	283205325	206843	2787206	12400	0	0	2	2
1773205757	828	74410	81076	0	384844	54023	0	658	0	285613490	208459	2793646	12465	0	0	2	2
1773205759	830	74410	81076	0	384844	54023	0	658	0	285618588	208473	2799110	12478	0	0	2	2
1773205761	832	74410	81076	0	384844	54023	0	658	0	285674944	208516	2799595	12482	0	0	2	2
1773205763	834	74410	81076	0	384844	54023	0	658	0	285731301	208565	2800407	12487	0	0	2	2
1773205765	836	74410	81076	0	384844	54023	0	658	0	285731565	208569	2801393	12494	0	0	2	2
1773205767	838	74410	81076	0	384844	54023	0	658	0	288169707	210210	2816927	12653	0	0	2	2
1773205769	840	74410	81076	0	384844	54023	0	658	0	288225758	210253	2817838	12660	0	0	2	2
1773205771	842	1401	10200	0	834540	61373	0	173146885	0	288279901	210291	2818405	12665	0	0	3	11
1773205773	844	1401	10200	0	834540	61373	0	455471877	0	288282066	210298	2819066	12671	1	0	3	11
1773205775	846	1401	10200	0	834540	61373	0	737407749	0	288338294	210339	2819867	12679	2	0	3	11
1773205777	848	1401	10200	0	834540	61373	0	1018700549	0	291699127	213051	2824922	12722	4	0	3	11
1773205779	850	1401	10200	0	834540	61373	0	1303544581	0	291699663	213056	2826014	12729	5	1	3	11
1773205781	852	1401	10200	0	834540	61373	0	1584976645	0	291757003	213108	2827263	12737	6	1	3	11
1773205783	854	1401	10200	0	834540	61373	0	1864454917	0	291757003	213108	2827634	12738	7	1	3	11
1773205785	856	1401	10200	0	834540	61373	0	2144682757	0	291814730	213157	2828341	12743	8	1	3	11
1773205787	858	1401	10200	0	834540	61373	0	2399994629	0	294983241	215710	2831985	12774	9	2	3	11
1773205789	860	1401	10200	0	834540	168800189	0	2400002821	0	295039875	215752	2832848	12783	9	2	3	11
1773205791	862	1401	10200	0	834540	451555261	0	2400002821	0	295039993	215753	2833228	12785	10	2	3	11
1773205793	864	1401	10200	0	834540	735203261	0	2400002821	0	295097093	215800	2834758	12799	11	2	3	11
1773205795	866	1401	10200	0	834540	1017286589	0	2400002821	0	295097434	215802	2835236	12802	12	2	3	11
1773205797	868	1401	10200	0	834540	1300840381	0	2400002821	0	298332331	217963	2843561	12895	13	3	3	11
1773205799	870	1401	10200	0	834540	1583636413	0	2400002821	0	298388997	218013	2844857	12903	14	3	3	11
1773205801	872	1401	10200	0	834540	1867046845	0	2400002821	0	298389153	218015	2845342	12905	15	3	3	11
1773205803	874	1401	10200	0	834540	2149396413	0	2400002821	0	298445678	218063	2846376	12913	16	3	3	11
1773205805	876	1401	10200	0	834540	2400063421	0	2400002821	0	298501652	218103	2847005	12919	17	3	3	11
1773205807	878	74418	81084	0	384844	2400070665	0	2400002942	0	298557516	218142	2847634	12925	17	4	2	2
1773205809	880	74418	81084	0	384844	2400070665	0	2400002942	0	304298286	221970	2860034	13067	17	4	2	2
1773205811	882	74418	81084	0	384844	2400070665	0	2400002942	0	304354419	222012	2861129	13076	17	4	2	2
1773205813	884	74418	81084	0	384844	2400070665	0	2400002942	0	304411002	222054	2862033	13085	17	4	2	2
1773205815	886	74418	81084	0	384844	2400070665	0	2400002942	0	304411002	222054	2862033	13085	17	4	2	2
1773205817	888	74418	81084	0	384844	2400070665	0	2400002942	0	304467283	222102	2862513	13087	17	4	2	2
1773205819	890	74418	81084	0	384844	2400070665	0	2400002942	0	309610674	225547	2879816	13245	17	4	2	2
1773205821	892	74418	81084	0	384844	2400070665	0	2400002942	0	309667380	225598	2880519	13249	17	4	2	2
1773205823	894	74418	81084	0	384844	2400070665	0	2400002942	0	309723918	225639	2881332	13257	17	4	2	2
1773205825	896	74418	81084	0	384844	2400070665	0	2400002942	0	309723918	225639	2881657	13258	17	4	2	2
1773205827	898	74418	81084	0	384844	2400070665	0	2400002942	0	309780062	225682	2882924	13269	17	4	2	2
1773205829	900	74418	81084	0	384844	2400070665	0	2400002942	0	312903612	227772	2891057	13348	17	4	2	2
1773205831	902	74418	81084	0	384844	2400070665	0	2400002942	0	312903772	227774	2891499	13351	17	4	2	2
1773205833	904	74418	81084	0	384844	2400070665	0	2400002942	0	312959976	227818	2892047	13356	17	4	2	2
1773205835	906	74418	81084	0	384844	2400070665	0	2400002942	0	313017090	227867	2892717	13359	17	4	2	2
1773205837	908	74418	81084	0	384844	2400070665	0	2400002942	0	313017208	227868	2892907	13360	17	4	2	2
1773205839	910	74418	81084	0	384844	2400070665	0	2400002942	0	315139141	229583	2896765	13390	17	4	2	2
1773205841	912	74418	81084	0	384844	2400070665	0	2400002942	0	315196001	229627	2897950	13402	17	4	2	2
1773205843	914	74418	81084	0	384844	2400070665	0	2400002942	0	315196355	229630	2898330	13404	17	4	2	2
1773205845	916	74418	81084	0	384844	2400070665	0	2400002942	0	315252278	229670	2899131	13412	17	4	2	2
1773205847	918	74418	81084	0	384844	2400070665	0	2400002942	0	315308828	229712	2900116	13422	17	4	2	2
1773205849	920	74418	81084	0	384844	2400070665	0	2400002942	0	315900189	230202	2908488	13449	17	4	2	2
1773205851	922	74418	81084	0	384844	2400070665	0	2400002942	0	318989890	232692	2913806	13498	17	4	2	2
1773205853	924	74418	81084	0	384844	2400070665	0	2400002942	0	319047319	232742	2914866	13504	17	4	2	2
1773205855	926	74418	81084	0	384844	2400070665	0	2400002942	0	319047319	232742	2915237	13505	17	4	2	2
1773205857	928	74418	81084	0	384844	2400070665	0	2400002942	0	319104104	232789	2915455	13507	17	4	2	2
1773205859	930	74418	81084	0	384844	2400070665	0	2400002942	0	319159965	232832	2916534	13518	17	4	2	2
1773205861	932	74418	81084	0	384844	2400070665	0	2400002942	0	323787732	235930	2933358	13640	17	4	2	2
1773205863	934	74418	81084	0	384844	2400070665	0	2400002942	0	323843845	235972	2934340	13649	17	4	2	2
1773205865	936	74418	81084	0	384844	2400070665	0	2400002942	0	323900341	236015	2935141	13657	17	4	2	2
1773205867	938	74418	81084	0	384844	2400070665	0	2400002942	0	323956358	236056	2936200	13668	17	4	2	2
1773205869	940	74418	81084	0	384844	2400070665	0	2400002942	0	323956358	236056	2936200	13668	17	4	2	2
1773205871	942	74418	81084	0	384844	2400070665	0	2400002942	0	328073756	238822	2957846	13878	17	4	2	2
1773205873	944	74418	81084	0	384844	2400070665	0	2400002942	0	328078798	238835	2962772	13893	17	4	2	2
1773205875	946	74418	81084	0	384844	2400070665	0	2400002942	0	328135825	238887	2963909	13902	17	4	2	2
1773205877	948	74418	81084	0	384844	2400070665	0	2400002942	0	328135943	238888	2964099	13903	17	4	2	2
1773205879	950	74418	81084	0	384844	2400070665	0	2400002942	0	328136238	238890	2964497	13906	17	4	2	2
1773205881	952	74418	81084	0	384844	2400070665	0	2400002942	0	328136424	238893	2964665	13908	17	4	2	2
1773205883	954	74418	81084	0	384844	2400070665	0	2400002942	0	328136424	238893	2964665	13908	17	4	2	2
1773205885	956	74418	81084	0	384844	2400070665	0	2400002942	0	328136883	238896	2965324	13912	17	4	2	2
1773205887	958	74418	81084	0	384844	2400070665	0	2400002942	0	328136883	238896	2965324	13912	17	4	2	2
1773205889	960	74418	81084	0	384844	2400070665	0	2400002942	0	328140425	238903	2965324	13912	17	4	2	2
1773205891	962	74418	81084	0	384844	2400070665	0	2400002942	0	328197018	238946	2966161	13918	17	4	2	2
1773205893	964	74418	81084	0	384844	2400070665	0	2400002942	0	328197351	238950	2966852	13923	17	4	2	2
1773205895	966	74418	81084	0	384844	2400070665	0	2400002942	0	330634987	240580	2978078	14040	17	4	2	2
1773205897	968	74418	81084	0	384844	2400070665	0	2400002942	0	330690977	240624	2979091	14050	17	4	2	2
1773205899	970	74418	81084	0	384844	2400070665	0	2400002942	0	330691390	240627	2979599	14054	17	4	2	2
1773205901	972	74418	81084	0	384844	2400070665	0	2400002942	0	330748551	240676	2980866	14065	17	4	2	2
1773205903	974	74418	81084	0	384844	2400070665	0	2400002942	0	330810123	240738	2986296	14082	17	4	2	2
1773205905	976	74418	81084	0	384844	2400070665	0	2400002942	0	334948654	243490	3001806	14238	17	4	2	2
1773205907	978	74418	81084	0	384844	2400070665	0	2400002942	0	338104734	245602	3020894	14404	17	4	2	2
1773205909	980	74418	81084	0	384844	2400070665	0	2400002942	0	338160701	245642	3021351	14408	17	4	2	2
1773205911	982	74418	81084	0	384844	2400070665	0	2400002942	0	338160819	245643	3021541	14409	17	4	2	2
1773205913	984	74418	81084	0	384844	2400070665	0	2400002942	0	338216821	245684	3022279	14415	17	4	2	2
1773205915	986	74418	81084	0	384844	2400070665	0	2400002942	0	338273316	245726	3022908	14421	17	4	2	2
1773205917	988	74418	81084	0	384844	2400070665	0	2400002942	0	345470697	251537	3065183	14728	17	4	2	2
1773205919	990	74418	81084	0	384844	2400070665	0	2400002942	0	345527322	251581	3066393	14739	17	4	2	2
1773205921	992	74418	81084	0	384844	2400070665	0	2400002942	0	345591345	251660	3075251	14774	17	4	2	2
1773205923	994	74418	81084	0	384844	2400070665	0	2400002942	0	345591345	251660	3075251	14774	17	4	2	2
1773205925	996	74418	81084	0	384844	2400070665	0	2400002942	0	345648279	251709	3076047	14779	17	4	2	2
1773205927	998	74418	81084	0	384844	2400070665	0	2400002942	0	352169753	256962	3084371	14851	17	4	2	2
1773205929	1000	74418	81084	0	384844	2400070665	0	2400002942	0	352169843	256963	3084481	14852	17	4	2	2
1773205931	1002	74418	81084	0	384844	2400070665	0	2400002942	0	352225930	257007	3085594	14861	17	4	2	2
1773205933	1004	74418	81084	0	384844	2400070665	0	2400002942	0	352281968	257048	3086228	14867	17	4	2	2
1773205935	1006	74418	81084	0	384844	2400070665	0	2400002942	0	352282086	257049	3086608	14869	17	4	2	2
1773205937	1008	74418	81084	0	384844	2400070665	0	2400002942	0	355060343	258901	3094476	14956	17	4	2	2
1773205939	1010	74418	81084	0	384844	2400070665	0	2400002942	0	355117854	258951	3095377	14962	17	4	2	2
1773205941	1012	74418	81084	0	384844	2400070665	0	2400002942	0	355118010	258953	3095491	14963	17	4	2	2
1773205943	1014	74418	81084	0	384844	2400070665	0	2400002942	0	355175171	259002	3096488	14969	17	4	2	2
1773205945	1016	74418	81084	0	384844	2400070665	0	2400002942	0	355175512	259004	3096957	14972	17	4	2	2
1773205947	1018	74418	81084	0	384844	2400070665	0	2400002942	0	355175602	259005	3097067	14973	17	4	2	2
1773205949	1020	74418	81084	0	384844	2400070665	0	2400002942	0	355187101	259040	3104018	14997	17	4	2	2
1773205951	1022	74418	81084	0	384844	2400070665	0	2400002942	0	355187101	259040	3104018	14997	17	4	2	2
1773205953	1024	74418	81084	0	384844	2400070665	0	2400002942	0	355187241	259042	3104208	14998	17	4	2	2
1773205955	1026	74418	81084	0	384844	2400070665	0	2400002942	0	355187316	259043	3104299	14999	17	4	2	2
1773205957	1028	74418	81084	0	384844	2400070665	0	2400002942	0	355243193	259084	3104584	15001	17	4	2	2
1773205959	1030	74418	81084	0	384844	2400070665	0	2400002942	0	358224229	261075	3117030	15139	17	4	2	2
1773205961	1032	74418	81084	0	384844	2400070665	0	2400002942	0	358224385	261077	3117144	15140	17	4	2	2
1773205963	1034	74418	81084	0	384844	2400070665	0	2400002942	0	358281694	261122	3118406	15150	17	4	2	2
1773205965	1036	74418	81084	0	384844	2400070665	0	2400002942	0	358337580	261164	3119667	15162	17	4	2	2
1773205967	1038	74418	81084	0	384844	2400070665	0	2400002942	0	358337803	261166	3120530	15168	17	4	2	2
1773205969	1040	74418	81084	0	384844	2400070665	0	2400002942	0	360672630	262737	3135451	15334	17	4	2	2
1773205971	1042	74418	81084	0	384844	2400070665	0	2400002942	0	360729123	262785	3136138	15338	17	4	2	2
1773205973	1044	74418	81084	0	384844	2400070665	0	2400002942	0	360729123	262785	3136138	15338	17	4	2	2
1773205975	1046	74418	81084	0	384844	2400070665	0	2400002942	0	360787215	262843	3137787	15352	17	4	2	2
1773205977	1048	74418	81084	0	384844	2400070665	0	2400002942	0	360843336	262886	3138522	15359	17	4	2	2
1773205979	1050	74418	81084	0	384844	2400070665	0	2400002942	0	362565999	264046	3146688	15449	17	4	2	2
1773205981	1052	74418	81084	0	384844	2400070665	0	2400002942	0	364246219	265171	3156534	15562	17	4	2	2
1773205983	1054	74418	81084	0	384844	2400070665	0	2400002942	0	364302142	265211	3156905	15565	17	4	2	2
1773205985	1056	74418	81084	0	384844	2400070665	0	2400002942	0	364302142	265211	3156905	15565	17	4	2	2
1773205987	1058	74418	81084	0	384844	2400070665	0	2400002942	0	364359270	265261	3157611	15569	17	4	2	2
1773205989	1060	74418	81084	0	384844	2400070665	0	2400002942	0	364399818	265296	3158798	15576	17	4	2	2
1773205991	1062	74418	81084	0	384844	2400070665	0	2400002942	0	368405805	268526	3179310	15760	17	4	2	2
1773205993	1064	74418	81084	0	384844	2400070665	0	2400002942	0	368461755	268574	3182477	15777	17	4	2	2
1773205995	1066	74418	81084	0	384844	2400070665	0	2400002942	0	368517631	268616	3183369	15786	17	4	2	2
1773205997	1068	74418	81084	0	384844	2400070665	0	2400002942	0	368517631	268616	3183369	15786	17	4	2	2
1773205999	1070	74418	81084	0	384844	2400070665	0	2400002942	0	368577543	268672	3188181	15805	17	4	2	2
1773206001	1072	74418	81084	0	384844	2400070665	0	2400002942	0	373887293	272953	3194277	15856	17	4	2	2
1773206003	1074	74418	81084	0	384844	2400070665	0	2400002942	0	373887411	272954	3194657	15858	17	4	2	2
1773206005	1076	74418	81084	0	384844	2400070665	0	2400002942	0	373943777	273003	3195525	15863	17	4	2	2
1773206007	1078	74418	81084	0	384844	2400070665	0	2400002942	0	374000634	273051	3196005	15865	17	4	2	2
1773206009	1080	74418	81084	0	384844	2400070665	0	2400002942	0	374000950	273054	3196714	15870	17	4	2	2
1773206011	1082	74418	81084	0	384844	2400070665	0	2400002942	0	379301567	276588	3207085	15983	17	4	2	2
1773206013	1084	74418	81084	0	384844	2400070665	0	2400002942	0	379357320	276631	3207370	15985	17	4	2	2
1773206015	1086	74418	81084	0	384844	2400070665	0	2400002942	0	379357481	276633	3207651	15987	17	4	2	2
1773206017	1088	74418	81084	0	384844	2400070665	0	2400002942	0	379413779	276677	3208664	15997	17	4	2	2
1773206019	1090	74418	81084	0	384844	2400070665	0	2400002942	0	379469245	276719	3210038	16010	17	4	2	2
1773206021	1092	74421	81084	0	384844	2400070665	0	2400002942	0	379982886	277143	3257312	16235	17	4	2	2
1773206023	1094	74419	81084	0	384844	2400070665	0	2400002942	0	380011713	277212	3285314	16291	17	4	2	2
1773206025	1096	74419	81084	0	384844	2400070665	0	2400002942	0	380012804	277218	3288764	16296	17	4	2	2
1773206027	1098	74419	81084	0	384844	2400070665	0	2400002942	0	380013340	277224	3289682	16300	17	4	2	2
1773206029	1100	74419	81084	0	384844	2400070665	0	2400002942	0	380014537	277231	3295645	16307	17	4	2	2
1773206031	1102	74419	81084	0	384844	2400070665	0	2400002942	0	380014711	277234	3296028	16311	17	4	2	2
1773206033	1104	74419	81084	0	384844	2400070665	0	2400002942	0	380021332	277253	3302689	16334	17	4	2	2
1773206035	1106	74419	81084	0	384844	2400070665	0	2400002942	0	380021748	277256	3303059	16337	17	4	2	2
1773206037	1108	74419	81084	0	384844	2400070665	0	2400002942	0	380034828	277308	3341970	16389	17	4	2	2
1773206039	1110	74419	81084	0	384844	2400070665	0	2400002942	0	380049093	277339	3360326	16421	17	4	2	2
1773206041	1112	74419	81084	0	384844	2400070665	0	2400002942	0	380051394	277347	3362753	16428	17	4	2	2
1773206043	1114	74419	81084	0	384844	2400070665	0	2400002942	0	380051590	277349	3363239	16431	17	4	2	2
1773206045	1116	74419	81084	0	384844	2400070665	0	2400002942	0	380051590	277349	3363239	16431	17	4	2	2
1773206047	1118	74419	81084	0	384844	2400070665	0	2400002942	0	380051798	277351	3363539	16433	17	4	2	2
1773206049	1120	74419	81084	0	384844	2400070665	0	2400002942	0	380051798	277351	3363729	16434	17	4	2	2
1773206051	1122	74419	81084	0	384844	2400070665	0	2400002942	0	380051798	277351	3363729	16434	17	4	2	2
1773206053	1124	74419	81084	0	384844	2400070665	0	2400002942	0	380051958	277353	3364171	16437	17	4	2	2
1773206055	1126	74419	81084	0	384844	2400070665	0	2400002942	0	380052283	277356	3364674	16440	17	4	2	2
1773206057	1128	74419	81084	0	384844	2400070665	0	2400002942	0	380053409	277361	3368805	16445	17	4	2	2
1773206059	1130	74419	81084	0	384844	2400070665	0	2400002942	0	380053645	277363	3369267	16448	17	4	2	2
1773206061	1132	74419	81084	0	384844	2400070665	0	2400002942	0	380056414	277383	3376816	16469	17	4	2	2
1773206063	1134	74419	81084	0	384844	2400070665	0	2400002942	0	380057240	277390	3377576	16473	17	4	2	2
1773206065	1136	74419	81084	0	384844	2400070665	0	2400002942	0	380062118	277401	3381835	16485	17	4	2	2
1773206067	1138	74419	81084	0	384844	2400070665	0	2400002942	0	380062329	277403	3382097	16487	17	4	2	2
1773206069	1140	74419	81084	0	384844	2400070665	0	2400002942	0	380068526	277415	3384902	16490	17	4	2	2
1773206071	1142	74419	81084	0	384844	2400070665	0	2400002942	0	380072023	277428	3391379	16498	17	4	2	2
1773206073	1144	74419	81084	0	384844	2400070665	0	2400002942	0	380074351	277451	3392035	16502	17	4	2	2
1773206075	1146	74419	81084	0	384844	2400070665	0	2400002942	0	380077858	277467	3406342	16525	17	4	2	2
1773206077	1148	74419	81084	0	384844	2400070665	0	2400002942	0	380084778	277496	3434996	16568	17	4	2	2
1773206079	1150	74419	81084	0	384844	2400070665	0	2400002942	0	380090372	277517	3463672	16613	17	4	2	2
1773206081	1152	74418	81084	0	384844	2400070665	0	2400002942	0	380102865	277570	3511832	16691	17	4	2	2
1773206083	1154	74418	81084	0	384844	2400070665	0	2400002942	0	380123534	277642	3590968	16803	17	4	2	2
1773206085	1156	74418	81084	0	384844	2400070665	0	2400002942	0	380191872	277840	3699470	17009	17	4	2	2
1773206087	1158	74418	81084	0	384844	2400070665	0	2400002942	0	380208050	277904	3762242	17114	17	4	2	2
1773206089	1160	74418	81084	0	384844	2400070665	0	2400002942	0	380221165	277966	3792861	17179	17	4	2	2
1773206091	1162	74418	81084	0	384844	2400070665	0	2400002942	0	380225382	277987	3793759	17188	17	4	2	2
1773206093	1164	74418	81084	0	384844	2400070665	0	2400002942	0	380234331	278029	3799854	17210	17	4	2	2
1773206095	1166	74418	81084	0	384844	2400070665	0	2400002942	0	380241202	278064	3805352	17233	17	4	2	2
1773206097	1168	74418	81084	0	384844	2400070665	0	2400002942	0	380247942	278089	3810447	17253	17	4	2	2
1773206099	1170	74418	81084	0	384844	2400070665	0	2400002942	0	380251662	278103	3811199	17261	17	4	2	2
1773206101	1172	74418	81084	0	384844	2400070665	0	2400002942	0	380255739	278123	3815796	17278	17	4	2	2
1773206103	1174	74418	81084	0	384844	2400070665	0	2400002942	0	380258090	278132	3816454	17285	17	4	2	2
1773206105	1176	74418	81084	0	384844	2400070665	0	2400002942	0	380262751	278157	3823897	17303	17	4	2	2
1773206107	1178	74418	81084	0	384844	2400070665	0	2400002942	0	380269364	278209	4109887	17528	17	4	2	2
1773206109	1180	74418	81084	0	384844	2400077805	0	2400003070	0	380269934	278214	4109887	17528	17	4	2	2
1773206111	1182	74418	81084	0	384844	2400077805	0	2400003070	0	380272369	278235	4181834	17587	17	4	2	2
1773206113	1184	74418	81084	0	384844	2400077805	0	2400003070	0	380275444	278261	4243684	17635	17	4	2	2
1773206115	1186	74418	81084	0	384844	2400077805	0	2400003070	0	380275773	278264	4243775	17636	17	4	2	2
1773206117	1188	74418	81084	0	384844	2400077805	0	2400003070	0	380277330	278272	4248207	17643	17	4	2	2
1773206119	1190	74418	81084	0	384844	2400077805	0	2400003070	0	380277584	278274	4248207	17643	17	4	2	2
1773206121	1192	74418	81084	0	384844	2400077805	0	2400003070	0	380278241	278280	4248477	17646	17	4	2	2
1773206123	1194	74418	81084	0	384844	2400077805	0	2400003070	0	380278495	278282	4248477	17646	17	4	2	2
1773206125	1196	74418	81084	0	384844	2400077805	0	2400003070	0	380279119	278289	4249350	17653	17	4	2	2
1773206127	1198	74418	81084	0	384844	2400077805	0	2400003070	0	380279994	278296	4249730	17655	17	4	2	2
1773206129	1200	74418	81084	0	384844	2400077805	0	2400003070	0	380280248	278298	4249730	17655	17	4	2	2
1773206131	1202	74418	81084	0	384844	2400077805	0	2400003070	0	380282495	278317	4250511	17660	17	4	2	2
1773206133	1204	74418	81084	0	384844	2400077805	0	2400003070	0	380282768	278321	4250891	17662	17	4	2	2
1773206135	1206	74418	81084	0	384844	2400077805	0	2400003070	0	380283143	278325	4250982	17663	17	4	2	2
1773206137	1208	74418	81084	0	384844	2400077805	0	2400003070	0	380291764	278353	4256418	17688	17	4	2	2
1773206139	1210	74418	81084	0	384844	2400077805	0	2400003070	0	380292415	278359	4257051	17694	17	4	2	2
1773206141	1212	74418	81084	0	384844	2400077805	0	2400003070	0	380293116	278365	4257259	17696	17	4	2	2
1773206143	1214	74418	81084	0	384844	2400077805	0	2400003070	0	380294043	278375	4258554	17707	17	4	2	2
1773206145	1216	74418	81084	0	384844	2400077805	0	2400003070	0	380294546	278379	4259095	17712	17	4	2	2
1773206147	1218	74418	81084	0	384844	2400077805	0	2400003070	0	380294800	278381	4259095	17712	17	4	2	2
1773206149	1220	74418	81084	0	384844	2400077805	0	2400003070	0	380295203	278384	4259747	17716	17	4	2	2
1773206151	1222	74418	81084	0	384844	2400077805	0	2400003070	0	380295457	278386	4259937	17717	17	4	2	2
1773206153	1224	74418	81084	0	384844	2400077805	0	2400003070	0	380295575	278387	4260317	17719	17	4	2	2
1773206155	1226	74418	81084	0	384844	2400077805	0	2400003070	0	380304241	278412	4273007	17741	17	4	2	2
1773206157	1228	74418	81084	0	384844	2400077805	0	2400003070	0	380309516	278429	4277482	17755	17	4	2	2
1773206159	1230	74418	81084	0	384844	2400077805	0	2400003070	0	380309516	278429	4277482	17755	17	4	2	2
1773206161	1232	74418	81084	0	384844	2400077805	0	2400003070	0	380309877	278432	4277690	17757	17	4	2	2
1773206163	1234	74418	81084	0	384844	2400077805	0	2400003070	0	380309877	278432	4277690	17757	17	4	2	2
1773206165	1236	74418	81084	0	384844	2400077805	0	2400003070	0	380310037	278434	4278132	17760	17	4	2	2
1773206167	1238	74418	81084	0	384844	2400077805	0	2400003070	0	380310037	278434	4278132	17760	17	4	2	2
1773206169	1240	977846	5872804	0	11988764	2400084835	0	2400003160	0	380310119	278435	4278132	17760	17	4	7	7
1773206171	1242	977846	5872804	0	11988764	2400084835	0	2400003160	0	380310237	278436	4278512	17762	17	4	7	7
1773206173	1244	977846	5872804	0	11988764	2400084835	0	2400003160	0	380310237	278436	4278512	17762	17	4	7	7
1773206175	1246	977846	5872804	0	11988764	2400084835	0	2400003160	0	380310312	278437	4278603	17763	17	4	7	7
1773206177	1248	977846	5872804	0	11988764	2400084835	0	2400003160	0	380310586	278440	4278907	17765	17	4	7	7
1773206179	1250	977846	5872804	0	11988764	2400084835	0	2400003160	0	380311047	278446	4279510	17770	17	4	7	7
1773206181	1252	977846	5872804	0	11988764	2400084835	0	2400003160	0	380311252	278447	4279604	17771	17	4	7	7
1773206183	1254	74418	81084	0	384844	2400091803	0	2400003247	0	380311436	278448	4280016	17773	17	4	2	2
1773206185	1256	74418	81084	0	384844	2400091803	0	2400003247	0	380321248	278488	4310625	17814	17	4	2	2
1773206187	1258	74418	81084	0	384844	2400091803	0	2400003247	0	380323662	278496	4311705	17822	17	4	2	2
1773206189	1260	74418	81084	0	384844	2400091803	0	2400003247	0	380326897	278504	4311705	17822	17	4	2	2
1773206191	1262	74418	81084	0	384844	2400091803	0	2400003247	0	380327892	278509	4312406	17827	17	4	2	2
1773206193	1264	74418	81084	0	384844	2400091803	0	2400003247	0	380328520	278519	4313559	17837	17	4	2	2
1773206195	1266	74418	81084	0	384844	2400091803	0	2400003247	0	380328520	278519	4313559	17837	17	4	2	2
1773206197	1268	74418	81084	0	384844	2400091803	0	2400003247	0	380337351	278540	4322843	17851	17	4	2	2
1773206199	1270	74418	81084	0	384844	2400091803	0	2400003247	0	380337683	278544	4323544	17856	17	4	2	2
1773206201	1272	74418	81084	0	384844	2400091803	0	2400003247	0	380338203	278548	4324396	17864	17	4	2	2
1773206203	1274	74418	81084	0	384844	2400091803	0	2400003247	0	380344796	278562	4333199	17873	17	4	2	2
1773206205	1276	74418	81084	0	384844	2400091803	0	2400003247	0	380354020	278596	4362599	17906	17	4	2	2
1773206207	1278	74418	81084	0	384844	2400091803	0	2400003247	0	380354176	278598	4363179	17910	17	4	2	2
1773206209	1280	74418	81084	0	384844	2400091803	0	2400003247	0	380356562	278611	4377123	17926	17	4	2	2
1773206211	1282	74418	81084	0	384844	2400091803	0	2400003247	0	380356604	278612	4377185	17927	17	4	2	2
1773206213	1284	74418	81084	0	384844	2400091803	0	2400003247	0	380356604	278612	4377185	17927	17	4	2	2
1773206215	1286	74418	81084	0	384844	2400091803	0	2400003247	0	380357840	278619	4383602	17935	17	4	2	2
1773206217	1288	74418	81084	0	384844	2400091803	0	2400003247	0	380358047	278622	4383990	17939	17	4	2	2
1773206219	1290	74418	81084	0	384844	2400091803	0	2400003247	0	380358047	278622	4383990	17939	17	4	2	2
1773206221	1292	74418	81084	0	384844	2400091803	0	2400003247	0	380358252	278623	4384084	17940	17	4	2	2
1773206223	1294	74418	81084	0	384844	2400091803	0	2400003247	0	380358370	278624	4384464	17942	17	4	2	2
1773206225	1296	74418	81084	0	384844	2400091803	0	2400003247	0	380358526	278626	4384578	17943	17	4	2	2
1773206227	1298	74418	81084	0	384844	2400091803	0	2400003247	0	380360131	278635	4388814	17954	17	4	2	2
1773206229	1300	74418	81084	0	384844	2400091803	0	2400003247	0	380360213	278636	4388814	17954	17	4	2	2
1773206231	1302	74418	81084	0	384844	2400091803	0	2400003247	0	380360497	278637	4388922	17955	17	4	2	2
1773206233	1304	74418	81084	0	384844	2400091803	0	2400003247	0	380360539	278638	4388984	17956	17	4	2	2
1773206235	1306	74418	81084	0	384844	2400091803	0	2400003247	0	380360657	278639	4389364	17958	17	4	2	2
1773206237	1308	74418	81084	0	384844	2400091803	0	2400003247	0	380360732	278640	4389455	17959	17	4	2	2
1773206239	1310	74418	81084	0	384844	2400091803	0	2400003247	0	380360732	278640	4389455	17959	17	4	2	2
1773206241	1312	74418	81084	0	384844	2400091803	0	2400003247	0	380361173	278643	4390391	17965	17	4	2	2
1773206243	1314	1221791	1228540	0	2679764	2400098710	0	2400003337	0	380361344	278645	4390602	17967	17	4	2	2
1773206245	1316	1222050	9781224	0	19813916	2400098710	0	2400003337	0	380361552	278647	4391096	17970	17	4	9	9
1773206247	1318	1222050	9781224	0	19813916	2400098710	0	2400003337	0	380361704	278649	4391194	17971	17	4	9	9
1773206249	1320	1222050	9781224	0	19813916	2400098710	0	2400003337	0	380361822	278650	4391384	17972	17	4	9	9
1773206251	1322	1222050	9781224	0	19813916	2400098710	0	2400003337	0	380361900	278651	4391680	17974	17	4	9	9
1773206253	1324	1222050	9781224	0	19813916	2400098710	0	2400003337	0	380362086	278654	4391870	17975	17	4	9	9
1773206255	1326	1222050	9781224	0	19813916	2400098710	0	2400003337	0	380362802	278664	4393273	17987	17	4	9	9
1773206257	1328	1222050	9781224	0	19813916	2400098710	0	2400003337	0	380363099	278668	4393979	17992	17	4	9	9
1773206259	1330	74414	81080	0	384844	2400105555	0	2400003424	0	380363223	278670	4394041	17993	18	4	2	2
1773206261	1332	74414	81080	0	384844	2400105555	0	2400003424	0	380363428	278671	4394135	17994	18	4	2	2
1773206263	1334	74414	81080	0	384844	2400105555	0	2400003424	0	380363428	278671	4394135	17994	18	4	2	2
1773206265	1336	74414	81080	0	384844	2400105555	0	2400003424	0	380363546	278672	4394325	17995	18	4	2	2
1773206267	1338	74414	81080	0	384844	2400105555	0	2400003424	0	380363788	278675	4394629	17997	18	4	2	2
1773206269	1340	74414	81080	0	384844	2400105555	0	2400003424	0	380363788	278675	4394629	17997	18	4	2	2
1773206271	1342	74414	81080	0	384844	2400105555	0	2400003424	0	380364042	278677	4394735	17998	18	4	2	2
1773206273	1344	74414	81080	0	384844	2400105555	0	2400003424	0	380364160	278678	4395115	18000	18	4	2	2
1773206275	1346	74414	81080	0	384844	2400105555	0	2400003424	0	380364502	278682	4395746	18004	18	4	2	2
1773206277	1348	74414	81080	0	384844	2400105555	0	2400003424	0	380364899	278690	4396057	18007	18	4	2	2
1773206279	1350	74414	81080	0	384844	2400105555	0	2400003424	0	380365129	278695	4396057	18007	18	4	2	2
1773206281	1352	74414	81080	0	384844	2400105555	0	2400003424	0	380365247	278696	4396437	18009	18	4	2	2
1773206283	1354	74414	81080	0	384844	2400105555	0	2400003424	0	380365494	278698	4396593	18011	18	4	2	2
1773206285	1356	74414	81080	0	384844	2400105555	0	2400003424	0	380365584	278699	4396707	18012	18	4	2	2
1773206287	1358	74414	81080	0	384844	2400105555	0	2400003424	0	380365650	278700	4396707	18012	18	4	2	2
1773206289	1360	74414	81080	0	384844	2400105555	0	2400003424	0	380365850	278702	4397087	18014	18	4	2	2
1773206291	1362	74414	81080	0	384844	2400105555	0	2400003424	0	380365850	278702	4397087	18014	18	4	2	2
1773206293	1364	74414	81080	0	384844	2400105555	0	2400003424	0	380365850	278702	4397087	18014	18	4	2	2
1773206295	1366	74414	81080	0	384844	2400105555	0	2400003424	0	380365968	278703	4397277	18015	18	4	2	2
1773206297	1368	74414	81080	0	384844	2400105555	0	2400003424	0	380366043	278704	4397558	18017	18	4	2	2
1773206299	1370	74414	81080	0	384844	2400105555	0	2400003424	0	380366161	278705	4397938	18019	18	4	2	2
1773206301	1372	74414	81080	0	384844	2400105555	0	2400003424	0	380366161	278705	4398063	18020	18	4	2	2
1773206303	1374	74414	81080	0	384844	2400105555	0	2400003424	0	380367327	278716	4401897	18032	18	4	2	2
1773206305	1376	74414	81080	0	384844	2400105555	0	2400003424	0	380367417	278717	4402011	18033	18	4	2	2
1773206307	1378	74414	81080	0	384844	2400105555	0	2400003424	0	380367643	278720	4402453	18036	18	4	2	2
1773206309	1380	74414	81080	0	384844	2400105555	0	2400003424	0	380367980	278721	4402453	18036	18	4	2	2
1773206311	1382	74414	81080	0	384844	2400105555	0	2400003424	0	380370745	278729	4402833	18038	18	4	2	2
1773206313	1384	74414	81080	0	384844	2400105555	0	2400003424	0	380370977	278733	4403023	18039	18	4	2	2
1773206315	1386	74414	81080	0	384844	2400105555	0	2400003424	0	380371069	278735	4403023	18039	18	4	2	2
1773206317	1388	74414	81080	0	384844	2400105555	0	2400003424	0	380371069	278735	4403023	18039	18	4	2	2
1773206319	1390	880148	4406824	0	9052748	2400112339	0	2400003513	0	380371226	278737	4403114	18040	18	4	6	6
1773206321	1392	880148	4406824	0	9052748	2400112339	0	2400003513	0	380372393	278744	4404164	18048	18	4	6	6
1773206323	1394	880148	4406824	0	9052748	2400112339	0	2400003513	0	380372597	278745	4404258	18049	18	4	6	6
1773206325	1396	880148	4406824	0	9052748	2400112339	0	2400003513	0	380372687	278746	4404372	18050	18	4	6	6
1773206327	1398	880148	4406824	0	9052748	2400112339	0	2400003513	0	380372871	278748	4404752	18052	18	4	6	6
1773206329	1400	880148	4406824	0	9052748	2400112339	0	2400003513	0	380372871	278748	4404752	18052	18	4	6	6
1773206331	1402	880148	4406824	0	9052748	2400112339	0	2400003513	0	380372871	278748	4404752	18052	18	4	6	6
1773206333	1404	880148	4406824	0	9052748	2400112339	0	2400003513	0	380372871	278748	4404752	18052	18	4	6	6
1773206335	1406	74418	81084	0	384844	2400119061	0	2400003600	0	380372989	278749	4404942	18053	18	4	2	2
1773206337	1408	74418	81084	0	384844	2400119061	0	2400003600	0	380373182	278751	4405495	18057	18	4	2	2
1773206339	1410	74418	81084	0	384844	2400119061	0	2400003600	0	380374296	278754	4405875	18059	18	4	2	2
1773206341	1412	74418	81084	0	384844	2400119061	0	2400003600	0	380374593	278757	4406235	18062	18	4	2	2
1773206343	1414	74418	81084	0	384844	2400119061	0	2400003600	0	380375003	278759	4406331	18063	18	4	2	2
1773206345	1416	74418	81084	0	384844	2400119061	0	2400003600	0	380380928	278781	4420709	18083	18	4	2	2
1773206347	1418	74418	81084	0	384844	2400119061	0	2400003600	0	380381124	278783	4421195	18086	18	4	2	2
1773206349	1420	74418	81084	0	384844	2400119061	0	2400003600	0	380381206	278784	4421195	18086	18	4	2	2
1773206351	1422	74418	81084	0	384844	2400119061	0	2400003600	0	380388451	278807	4427947	18101	18	4	2	2
1773206353	1424	74418	81084	0	384844	2400119061	0	2400003600	0	380389702	278811	4427947	18101	18	4	2	2
1773206355	1426	74418	81084	0	384844	2400119061	0	2400003600	0	380391831	278817	4427947	18101	18	4	2	2
1773206357	1428	74418	81084	0	384844	2400119061	0	2400003600	0	380392284	278823	4428801	18108	18	4	2	2
1773206359	1430	74418	81084	0	384844	2400119061	0	2400003600	0	380392284	278823	4428801	18108	18	4	2	2
1773206361	1432	74418	81084	0	384844	2400119061	0	2400003600	0	380393348	278829	4435095	18116	18	4	2	2
1773206363	1434	74418	81084	0	384844	2400119061	0	2400003600	0	380397920	278848	4451058	18133	18	4	2	2
1773206365	1436	74418	81084	0	384844	2400119061	0	2400003600	0	380397920	278848	4451058	18133	18	4	2	2
1773206367	1438	74418	81084	0	384844	2400119061	0	2400003600	0	380406556	278871	4458822	18155	18	4	2	2
1773206369	1440	74418	81084	0	384844	2400119061	0	2400003600	0	380406556	278871	4458822	18155	18	4	2	2
1773206371	1442	74418	81084	0	384844	2400119061	0	2400003600	0	380406556	278871	4458822	18155	18	4	2	2
1773206373	1444	74418	81084	0	384844	2400119061	0	2400003600	0	380409683	278884	4463069	18168	18	4	2	2
1773206375	1446	74418	81084	0	384844	2400119061	0	2400003600	0	386534511	283874	4561351	18831	18	4	2	2
1773206377	1448	74418	81084	0	384844	2400119061	0	2400003600	0	391715379	288061	4603612	19157	18	4	2	2
1773206379	1450	74418	81084	0	384844	2400119061	0	2400003600	0	391716687	288066	4605030	19161	18	4	2	2
1773206381	1452	74418	81084	0	384844	2400119061	0	2400003600	0	391721101	288083	4615585	19180	18	4	2	2
1773206383	1454	74418	81084	0	384844	2400119061	0	2400003600	0	408191523	301317	4817108	20520	18	4	2	2
1773206385	1456	74418	81084	0	384844	2400119061	0	2400003600	0	408433912	301503	4821281	20555	18	4	2	2
1773206387	1458	74418	81084	0	384844	2400119061	0	2400003600	0	408435294	301509	4822899	20561	18	4	2	2
1773206389	1460	74418	81084	0	384844	2400119061	0	2400003600	0	408435412	301510	4823089	20562	18	4	2	2
1773206391	1462	74418	81084	0	384844	2400119061	0	2400003600	0	409091361	302105	4846477	20681	18	4	2	2
1773206393	1464	74413	81084	0	384844	2400119061	0	2400003600	0	409118184	302158	4856983	20729	18	4	2	2
1773206395	1466	74412	81080	0	384844	2400125722	0	2400003721	0	409700022	302700	4889513	20947	18	4	2	2
1773206397	1468	74412	81080	0	384844	2400125722	0	2400003721	0	419868475	311298	5028812	22211	18	4	2	2
1773206399	1470	74412	81080	0	384844	2400125722	0	2400003721	0	419868475	311298	5028812	22211	18	4	2	2
1773206401	1472	74412	81080	0	384844	2400125722	0	2400003721	0	419869288	311302	5030121	22217	18	4	2	2
1773206403	1474	74412	81080	0	384844	2400125722	0	2400003721	0	419869535	311304	5030277	22219	18	4	2	2
1773206405	1476	74412	81080	0	384844	2400125722	0	2400003721	0	419871249	311316	5031595	22225	18	4	2	2
1773206407	1478	74413	81080	0	384844	2400125722	0	2400003721	0	419883167	311361	5055141	22263	18	4	2	2
1773206409	1480	74413	81080	0	384844	2400125722	0	2400003721	0	419938638	311401	5057148	22284	18	4	2	2
1773206411	1482	74413	81080	0	384844	2400125722	0	2400003721	0	420823749	311992	5063305	22352	18	4	2	2
1773206413	1484	74413	81080	0	384844	2400125722	0	2400003721	0	420881574	312043	5066322	22383	18	4	2	2
1773206415	1486	74413	81080	0	384844	2400125722	0	2400003721	0	420948424	312113	5076370	22419	18	4	2	2
1773206417	1488	74413	81080	0	384844	2400125722	0	2400003721	0	420948506	312114	5076370	22419	18	4	2	2
1773206419	1490	74413	81080	0	384844	2400125722	0	2400003721	0	421005012	312163	5079370	22445	18	4	2	2
1773206421	1492	74413	81080	0	384844	2400125722	0	2400003721	0	422315049	313040	5103518	22723	18	4	2	2
1773206423	1494	74413	81080	0	384844	2400125722	0	2400003721	0	422316434	313051	5103992	22726	18	4	2	2
1773206425	1496	74413	81080	0	384844	2400125722	0	2400003721	0	422372623	313094	5105249	22739	18	4	2	2
1773206427	1498	74413	81080	0	384844	2400125722	0	2400003721	0	422428382	313134	5106048	22747	18	4	2	2
1773206429	1500	74413	81080	0	384844	2400125722	0	2400003721	0	422430213	313139	5106048	22747	18	4	2	2
1773206431	1502	74413	81080	0	384844	2400125722	0	2400003721	0	425246913	315022	5123808	22951	18	4	2	2
1773206433	1504	74413	81080	0	384844	2400125722	0	2400003721	0	425304018	315080	5127608	22981	18	4	2	2
1773206435	1506	74413	81080	0	384844	2400125722	0	2400003721	0	425304242	315084	5127905	22984	18	4	2	2
1773206437	1508	74413	81080	0	384844	2400125722	0	2400003721	0	425363161	315142	5130456	23004	18	4	2	2
1773206439	1510	74413	81080	0	384844	2400125722	0	2400003721	0	425424957	315213	5139780	23042	18	4	2	2
1773206441	1512	74413	81080	0	384844	2400125722	0	2400003721	0	425425425	315220	5140564	23047	18	4	2	2
1773206443	1514	74413	81080	0	384844	2400125722	0	2400003721	0	429330833	318367	5197480	23563	18	4	2	2
1773206445	1516	74413	81080	0	384844	2400125722	0	2400003721	0	429387348	318409	5198557	23574	18	4	2	2
1773206447	1518	74413	81080	0	384844	2400125722	0	2400003721	0	429387622	318412	5199051	23577	18	4	2	2
1773206449	1520	74413	81080	0	384844	2400125722	0	2400003721	0	429443495	318454	5200143	23588	18	4	2	2
1773206451	1522	74413	81080	0	384844	2400125722	0	2400003721	0	429500307	318502	5200832	23592	18	4	2	2
1773206453	1524	74413	81080	0	384844	2400125722	0	2400003721	0	433766178	321944	5222843	23793	18	4	2	2
1773206455	1526	74413	81080	0	384844	2400125722	0	2400003721	0	433823402	321997	5224168	23803	18	4	2	2
1773206457	1528	74413	81080	0	384844	2400125722	0	2400003721	0	433879686	322038	5224979	23811	18	4	2	2
1773206459	1530	74413	81080	0	384844	2400125722	0	2400003721	0	433879945	322040	5225481	23814	18	4	2	2
1773206461	1532	74413	81080	0	384844	2400125722	0	2400003721	0	433942138	322104	5233914	23841	18	4	2	2
1773206463	1534	74413	81080	0	384844	2400125722	0	2400003721	0	438739994	325311	5259360	24131	18	4	2	2
1773206465	1536	74413	81080	0	384844	2400125722	0	2400003721	0	438740199	325312	5259454	24132	18	4	2	2
1773206467	1538	74413	81080	0	384844	2400125722	0	2400003721	0	438800032	325379	5268034	24168	18	4	2	2
1773206469	1540	74413	81080	0	384844	2400125722	0	2400003721	0	438859043	325446	5277290	24191	18	4	2	2
1773206471	1542	74413	81080	0	384844	2400125722	0	2400003721	0	438862905	325459	5281611	24205	18	4	2	2
1773206473	1544	74413	81080	0	384844	2400125722	0	2400003721	0	442577066	327945	5299644	24409	18	4	2	2
1773206475	1546	74413	81080	0	384844	2400125722	0	2400003721	0	442633286	327989	5300506	24417	18	4	2	2
1773206477	1548	74413	81080	0	384844	2400125722	0	2400003721	0	442633286	327989	5300506	24417	18	4	2	2
1773206479	1550	74413	81080	0	384844	2400125722	0	2400003721	0	442689522	328030	5301427	24424	18	4	2	2
1773206481	1552	74413	81080	0	384844	2400125722	0	2400003721	0	442753587	328102	5310765	24465	18	4	2	2
1773206483	1554	74413	81080	0	384844	2400125722	0	2400003721	0	445880645	330183	5322094	24587	18	4	2	2
1773206485	1556	74413	81080	0	384844	2400125722	0	2400003721	0	445937558	330225	5323197	24597	18	4	2	2
1773206487	1558	74413	81080	0	384844	2400125722	0	2400003721	0	445994062	330274	5324288	24604	18	4	2	2
1773206489	1560	74413	81080	0	384844	2400125722	0	2400003721	0	446003838	330299	5330710	24624	18	4	2	2
1773206491	1562	74413	81080	0	384844	2400125722	0	2400003721	0	446059892	330347	5331506	24629	18	4	2	2
1773206493	1564	74413	81080	0	384844	2400125722	0	2400003721	0	447634667	331402	5338789	24709	18	4	2	2
1773206495	1566	74413	81080	0	384844	2400125722	0	2400003721	0	449623416	332726	5344953	24763	18	4	2	2
1773206497	1568	74413	81080	0	384844	2400125722	0	2400003721	0	449679527	332768	5346038	24774	18	4	2	2
1773206499	1570	74413	81080	0	384844	2400125722	0	2400003721	0	449736318	332817	5347764	24789	18	4	2	2
1773206501	1572	74413	81080	0	384844	2400125722	0	2400003721	0	449737209	332825	5348480	24794	18	4	2	2
1773206503	1574	74413	81080	0	384844	2400125722	0	2400003721	0	449796225	332878	5353837	24814	18	4	2	2
1773206505	1576	74413	81080	0	384844	2400125722	0	2400003721	0	453808744	336116	5372467	24983	18	4	2	2
1773206507	1578	74413	81080	0	384844	2400125722	0	2400003721	0	453808856	336118	5372467	24983	18	4	2	2
1773206509	1580	74413	81080	0	384844	2400125722	0	2400003721	0	453865855	336166	5373263	24988	18	4	2	2
1773206511	1582	74413	81080	0	384844	2400125722	0	2400003721	0	453922203	336210	5374806	25002	18	4	2	2
1773206513	1584	74413	81080	0	384844	2400125722	0	2400003721	0	453922413	336212	5375228	25006	18	4	2	2
1773206515	1586	74413	81080	0	384844	2400125722	0	2400003721	0	460869416	341806	5407080	25293	18	4	2	2
1773206517	1588	74413	81080	0	384844	2400125722	0	2400003721	0	460925698	341847	5407891	25301	18	4	2	2
1773206519	1590	74413	81080	0	384844	2400125722	0	2400003721	0	460925816	341848	5408377	25304	18	4	2	2
1773206521	1592	74413	81080	0	384844	2400125722	0	2400003721	0	460981744	341890	5409497	25315	18	4	2	2
1773206523	1594	74413	81080	0	384844	2400125722	0	2400003721	0	461038294	341939	5410725	25324	18	4	2	2
1773206525	1596	74413	81080	0	384844	2400125722	0	2400003721	0	464212351	344055	5427911	25521	18	4	2	2
1773206527	1598	74413	81080	0	384844	2400125722	0	2400003721	0	464269740	344105	5428822	25527	18	4	2	2
1773206529	1600	74413	81080	0	384844	2400125722	0	2400003721	0	464326388	344148	5430291	25538	18	4	2	2
1773206531	1602	74413	81080	0	384844	2400125722	0	2400003721	0	464327008	344152	5430876	25544	18	4	2	2
1773206533	1604	74413	81080	0	384844	2400125722	0	2400003721	0	464384291	344201	5432198	25554	18	4	2	2
1773206535	1606	74413	81080	0	384844	2400125722	0	2400003721	0	467359362	346198	5449669	25715	18	4	2	2
1773206537	1608	74413	81080	0	384844	2400125722	0	2400003721	0	467359362	346198	5449669	25715	18	4	2	2
1773206539	1610	74413	81080	0	384844	2400125722	0	2400003721	0	467415815	346244	5451221	25730	18	4	2	2
1773206541	1612	74413	81080	0	384844	2400125722	0	2400003721	0	467473178	346296	5452343	25738	18	4	2	2
1773206543	1614	74413	81080	0	384844	2400125722	0	2400003721	0	467473296	346297	5452723	25740	18	4	2	2
1773206545	1616	74413	81080	0	384844	2400125722	0	2400003721	0	467529217	346345	5453611	25746	18	4	2	2
1773206547	1618	74413	81080	0	384844	2400125722	0	2400003721	0	470942012	348623	5469556	25909	18	4	2	2
1773206549	1620	74413	81080	0	384844	2400125722	0	2400003721	0	470942374	348626	5470375	25914	18	4	2	2
1773206551	1622	74413	81080	0	384844	2400125722	0	2400003721	0	471003479	348680	5471562	25924	18	4	2	2
1773206553	1624	74413	81080	0	384844	2400125722	0	2400003721	0	471058946	348724	5472510	25933	18	4	2	2
1773206555	1626	74413	81080	0	384844	2400125722	0	2400003721	0	471059196	348727	5473401	25939	18	4	2	2
1773206557	1628	74413	81080	0	384844	2400125722	0	2400003721	0	474136221	350788	5492353	26156	18	4	2	2
1773206559	1630	74413	81080	0	384844	2400125722	0	2400003721	0	474193145	350837	5493043	26160	18	4	2	2
1773206561	1632	74413	81080	0	384844	2400125722	0	2400003721	0	474193191	350838	5493043	26160	18	4	2	2
1773206563	1634	74413	81080	0	384844	2400125722	0	2400003721	0	474250308	350891	5494327	26169	18	4	2	2
1773206565	1636	74413	81080	0	384844	2400125722	0	2400003721	0	474306805	350936	5495505	26180	18	4	2	2
1773206567	1638	74413	81080	0	384844	2400125722	0	2400003721	0	479755615	355333	5523759	26436	18	4	2	2
1773206569	1640	74413	81080	0	384844	2400125722	0	2400003721	0	479812306	355375	5524730	26446	18	4	2	2
1773206571	1642	74413	81080	0	384844	2400125722	0	2400003721	0	479868893	355417	5525537	26454	18	4	2	2
1773206573	1644	74413	81080	0	384844	2400125722	0	2400003721	0	479869011	355418	5525727	26455	18	4	2	2
1773206575	1646	74413	81080	0	384844	2400125722	0	2400003721	0	479924755	355460	5526556	26462	18	4	2	2
1773206577	1648	74413	81080	0	384844	2400125722	0	2400003721	0	484137421	358862	5547357	26643	18	4	2	2
1773206579	1650	74413	81080	0	384844	2400125722	0	2400003721	0	484137776	358866	5548269	26650	18	4	2	2
1773206581	1652	74413	81080	0	384844	2400125722	0	2400003721	0	484194186	358913	5549183	26656	18	4	2	2
1773206583	1654	74413	81080	0	384844	2400125722	0	2400003721	0	484250344	358954	5550080	26665	18	4	2	2
1773206585	1656	74413	81080	0	384844	2400125722	0	2400003721	0	484250693	358958	5550665	26669	18	4	2	2
1773206587	1658	74413	81080	0	384844	2400125722	0	2400003721	0	488584378	361845	5572135	26915	18	4	2	2
1773206589	1660	74413	81080	0	384844	2400125722	0	2400003721	0	488641324	361889	5573560	26928	18	4	2	2
1773206591	1662	74413	81080	0	384844	2400125722	0	2400003721	0	488641529	361890	5573654	26929	18	4	2	2
1773206593	1664	74413	81080	0	384844	2400125722	0	2400003721	0	488697222	361929	5574367	26936	18	4	2	2
1773206595	1666	74413	81080	0	384844	2400125722	0	2400003721	0	488755406	361989	5576042	26946	18	4	2	2
1773206597	1668	74413	81080	0	384844	2400125722	0	2400003721	0	488760390	362001	5580952	26961	18	4	2	2
1773206599	1670	74413	81080	0	384844	2400125722	0	2400003721	0	492756168	364673	5598146	27154	18	4	2	2
1773206601	1672	74413	81080	0	384844	2400125722	0	2400003721	0	492811218	364713	5598773	27160	18	4	2	2
1773206603	1674	74413	81080	0	384844	2400125722	0	2400003721	0	492811218	364713	5598773	27160	18	4	2	2
1773206605	1676	74413	81080	0	384844	2400125722	0	2400003721	0	492868661	364755	5599676	27168	18	4	2	2
1773206607	1678	74413	81080	0	384844	2400125722	0	2400003721	0	492924750	364800	5601272	27183	18	4	2	2
1773206609	1680	74413	81080	0	384844	2400125722	0	2400003721	0	498142907	368280	5636449	27590	18	4	2	2
1773206611	1682	74413	81080	0	384844	2400125722	0	2400003721	0	498204014	368348	5644752	27623	18	4	2	2
1773206613	1684	74413	81080	0	384844	2400125722	0	2400003721	0	498260725	368400	5645420	27626	18	4	2	2
1773206615	1686	74413	81080	0	384844	2400125722	0	2400003721	0	498260811	368401	5645518	27627	18	4	2	2
1773206617	1688	74413	81080	0	384844	2400125722	0	2400003721	0	498317822	368451	5646523	27634	18	4	2	2
1773206619	1690	74413	81080	0	384844	2400125722	0	2400003721	0	504464420	372569	5661305	27802	18	4	2	2
1773206621	1692	74413	81080	0	384844	2400125722	0	2400003721	0	504465718	372578	5662702	27813	18	4	2	2
1773206623	1694	74413	81080	0	384844	2400125722	0	2400003721	0	504522445	372620	5663605	27821	18	4	2	2
1773206625	1696	74413	81080	0	384844	2400125722	0	2400003721	0	504578887	372661	5664520	27829	18	4	2	2
1773206627	1698	74413	81080	0	384844	2400125722	0	2400003721	0	504579236	372665	5665105	27833	18	4	2	2
1773206629	1700	74413	81080	0	384844	2400125722	0	2400003721	0	506984162	374601	5669288	27869	18	4	2	2
1773206631	1702	74413	81080	0	384844	2400125722	0	2400003721	0	507041410	374650	5670078	27874	18	4	2	2
1773206633	1704	74413	81080	0	384844	2400125722	0	2400003721	0	507041542	374652	5670399	27877	18	4	2	2
